2158 0060
1800 0067
887 0088
489 0036
488 0323
436 0439
380 0627
245 0018
244 0299
222 0479
184 0060 0067
149 0481
146 0323 0439
136 1129
111 0362
102 0018 0060
96 2160
94 0418
91 0018 0479
90 0067 0627
84 0628
81 0060 0479
80 0060 0088
73 0060 0362
72 0000
71 0177
68 1261
67 0543
67 0067 1129
65 0116
62 0060 0481
59 0470
59 0748
58 0686
58 0036 0060
56 0325
56 0544
56 0755
56 0060 0323
56 0067 2160
54 0621
54 0625
53 0453
53 0838
53 0036 0067
53 0067 0439
53 0060 0418
51 0416
51 1022
51 1043
50 0136
50 0018 0323
49 0244
49 2099
49 0067 0088
48 0272
48 3598
48 0060 0177
47 0436
47 0067 0470
46 0591
46 0946
46 0967
45 0164
45 0573
45 0626
44 0045
43 0036 0628
43 0470 1129
42 0721
42 0067 0470 1129
40 0088 2099
40 0060 0116
39 0067 0479
39 0067 0299
38 0060 0627
38 0067 0418
37 0339
37 0590
37 0944
37 0060 0573
37 0060 0543
36 0323 0479
36 0067 0481
35 0718
35 0067 0628
34 0035
34 0678
34 1025
34 0036 0088
34 0479 0544
34 0018 0067
33 0211
33 0488
33 0524
33 0987
32 0000 0060
32 0067 0362
31 0330
31 0656
31 0677
31 0827
31 0909
31 2042
31 0060 0439
30 0117
30 0174
30 0661
30 0829
30 1227
30 1419
30 0299 3598
29 0393
29 0587
29 0299 1129
29 0060 0453
29 0060 0436
29 0060 0748
28 0083
28 0237
28 0745
28 1764
28 1824
28 0060 0339
28 0067 0136
28 0060 0164
28 0088 0944
27 0056
27 0378
27 1026
27 1975
27 2101
27 0060 0591
27 0060 0626
27 0067 1764
27 0067 0453
26 0115
26 0726
26 1029
26 1185
26 1908
26 0067 1022
26 0060 0272
26 0060 1043
26 0060 1129
26 0067 0323
26 0060 0416
26 0067 0325
26 0088 0686
25 0032
25 0039
25 0040
25 0183
25 0191
25 0376
25 0500
25 0018 0481
25 0067 0625
25 0060 1824
25 0060 1261
25 0018 0060 0479
24 0089
24 0532
24 0697
24 1151
24 5408
24 0000 0067
24 0067 1043
24 0060 0838
24 0164 0436
23 0104
23 0332
23 0499
23 0527
23 0792
23 1051
23 1120
23 1585
23 2396
23 0060 0083
23 0060 0827
23 0060 0625
23 0060 0946
22 0005
22 0027
22 0042
22 0159
22 0435
22 0457
22 0478
22 0525
22 0929
22 2848
22 0060 0325
22 0060 0590
22 0060 0299
22 0067 1025
22 0439 0479
22 0067 0244
22 0067 0718
22 0067 0755
21 0011
21 0037
21 0218
21 0250
21 0293
21 0369
21 0427
21 0604
21 3644
21 0060 0174
21 0678 0967
21 0067 1419
21 0060 0524
21 0067 0116
21 0479 0481
21 0088 0479
20 0021
20 0379
20 0518
20 0539
20 0706
20 0767
20 0950
20 1070
20 1983
20 2394
20 2677
20 0018 0036
20 0060 0488
20 0060 0829
20 0067 0838
20 0060 0987
19 0335
19 0596
19 0805
19 1950
19 3523
19 0060 0661
19 0060 0621
19 0060 0909
19 0060 0745
19 0060 0211
19 0018 0439
19 0056 0060
19 0060 0755
18 0064
18 0162
18 0337
18 0340
18 0566
18 0893
18 1010
18 1012
18 1638
18 2745
18 4126
18 0088 0627
18 0042 0067
18 0045 0060
18 0036 0479
18 0060 0393
18 0088 3644
18 0944 3644
18 0067 2396
18 0060 0332
18 0067 0748
18 0323 0439 0479
17 0196
17 0258
17 0348
17 0464
17 0503
17 0756
17 1083
17 1110
17 1160
17 1183
17 1620
17 1940
17 2331
17 2403
17 3530
17 0035 0067
17 0067 0621
17 0060 0929
17 0060 0136
17 0067 0590
17 0060 2677
17 0067 3598
17 0060 0721
17 0060 2160
17 0060 1975
17 0018 0323 0439
17 0018 0323 0479
17 0088 0944 3644
17 0060 0164 0436
16 0057
16 0342
16 0370
16 0639
16 0889
16 1219
16 1259
16 1350
16 1512
16 1662
16 4542
16 0027 0060
16 0088 0628
16 0036 0416
16 0039 0060
16 0045 0067
16 0088 0481
16 0060 0677
16 0032 0067
16 0060 0628
16 0067 0177
16 0060 1908
16 0067 0626
15 0085
15 0240
15 0257
15 0336
15 0426
15 0450
15 0467
15 0469
15 0545
15 0600
15 0676
15 0813
15 1100
15 1125
15 1191
15 3647
15 0021 0060
15 0590 0591
15 0060 0587
15 0067 0721
15 0036 1185
15 0088 1227
15 0416 0628
15 0060 0376
15 0060 1151
15 0067 0532
15 0060 1120
15 0088 0755
15 0067 3523
15 0060 0330
15 0067 0378
15 0060 1026
15 0018 0088
15 0060 0686
15 0299 2101
15 0036 0416 0628
15 0060 0323 0439
14 0086
14 0134
14 0205
14 0395
14 0490
14 0537
14 0716
14 0747
14 0832
14 0903
14 1136
14 1213
14 1496
14 2026
14 3082
14 3094
14 3339
14 0060 0499
14 0060 0117
14 0067 1026
14 0067 0237
14 0060 1029
14 0323 0544
14 0060 0544
14 0011 0060
14 0088 0323
14 0067 0656
14 0060 2042
14 0067 0272
14 0060 4126
14 0036 0088 0628
13 0286
13 0501
13 0514
13 0515
13 0541
13 0601
13 0655
13 0691
13 0693
13 0797
13 0828
13 0842
13 0926
13 0995
13 1041
13 1192
13 1225
13 1808
13 2544
13 2659
13 0035 0060
13 0067 0218
13 0067 0164
13 0060 0104
13 0060 0639
13 0323 0362
13 0060 0395
13 0060 0250
13 0067 0435
13 0060 0726
13 0067 0596
13 0060 0115
13 0060 0792
13 0060 0656
13 0060 1022
13 0060 0967
13 0067 0805
13 0067 0330
13 0005 0067
12 0187
12 0327
12 0328
12 0350
12 0424
12 0447
12 0496
12 0497
12 0502
12 0547
12 0623
12 0653
12 0715
12 0766
12 0917
12 0985
12 0996
12 1211
12 1242
12 2303
12 2478
12 3181
12 0327 0328
12 0627 0628
12 0060 0191
12 0067 0587
12 0067 0117
12 0067 0211
12 0067 0525
12 0362 0627
12 0067 0183
12 0060 1025
12 0060 1950
12 0191 0767
12 0037 0060
12 0067 0591
12 0067 0436
12 0060 0832
12 0828 0829
12 0067 0827
12 0060 0539
12 0067 1160
12 0067 0339
12 0060 0926
12 0748 1120
12 0756 1129
12 0060 0369
12 0060 0335
12 0040 0060
12 0067 0159
12 0067 1261
12 0060 1350
12 0060 1638
12 0067 0677
12 0323 1110
12 0323 0479 0544
11 0019
11 0043
11 0193
11 0227
11 0334
11 0357
11 0377
11 0699
11 0760
11 0804
11 0959
11 0982
11 1049
11 1064
11 1067
11 1101
11 1381
11 1836
11 2029
11 2218
11 2238
11 2842
11 2868
11 3877
11 4393
11 0067 0257
11 0067 0258
11 0067 0348
11 0067 0478
11 0018 0325
11 0060 0337
11 0036 0627
11 0088 0418
11 0060 0469
11 0628 1026
11 0060 0244
11 0060 0183
11 0627 1022
11 0439 0544
11 0045 0436
11 0000 0088
11 0060 0527
11 0479 0524
11 0060 2403
11 0067 0909
11 0060 0532
11 0060 0518
11 0067 0174
11 0067 2394
11 0060 0478
11 0045 0088
11 0060 2331
11 0067 0293
11 2848 3647
11 0060 0706
11 0060 0718
11 0377 0378
11 0067 0115
11 0067 0946
11 0067 0416
11 0323 0418
11 0177 0323
11 0060 0766
11 0060 0500
11 0060 1083
11 0067 0544
11 0323 1261
11 0439 1110
11 0060 1585
11 0036 0481
11 0067 0716
11 0067 0134
11 0060 0067 2160
10 0009
10 0242
10 0431
10 0519
10 0594
10 0881
10 1057
10 1068
10 1316
10 1957
10 2161
10 2369
10 2712
10 3051
10 4297
10 0060 0379
10 0060 0699
10 0481 0621
10 0060 0435
10 0088 0136
10 0060 1070
10 0067 0604
10 0060 1219
10 0057 0060
10 0067 0450
10 0032 0060
10 0060 0162
10 0067 0427
10 0060 0286
10 0497 0893
10 0060 0089
10 0067 0196
10 0323 0543
10 0067 1151
10 0067 0393
10 0060 1191
10 0067 0566
10 0060 0756
10 0060 1259
10 0060 1183
10 0479 0543
10 0060 1010
10 0117 1975
10 0060 1983
10 0060 3530
10 0067 1496
10 0418 0626
10 0060 0340
10 0067 2042
10 0060 1940
10 0088 0748
10 0060 0196
10 0018 1261
10 0088 0299
10 0060 0378
10 0067 0518
10 0060 0804
10 0060 0590 0591
10 0060 0479 0544
10 0060 0067 0627
9 0062
9 0167
9 0180
9 0269
9 0310
9 0380
9 0408
9 0434
9 0455
9 0491
9 0610
9 0687
9 0762
9 0824
9 0908
9 0913
9 0921
9 0974
9 1018
9 1107
9 1389
9 1486
9 1546
9 1673
9 1810
9 1865
9 2037
9 2098
9 2229
9 2816
9 3937
9 0060 0064
9 0060 0086
9 0067 0500
9 0060 0514
9 0060 0545
9 0060 0697
9 0067 0792
9 0067 0967
9 0060 0470
9 0067 0191
9 0067 0726
9 0060 1125
9 0088 0439
9 0060 0525
9 0060 0889
9 0067 0467
9 0018 0164
9 0018 0436
9 0067 0697
9 0011 0286
9 0000 0479
9 0060 1662
9 0067 0987
9 0323 0755
9 0755 2099
9 0060 1051
9 0060 0457
9 2160 3598
9 0067 0083
9 2099 3877
9 0000 0439
9 0067 1051
9 0060 0503
9 0060 0995
9 0060 0693
9 0244 0323
9 0067 1975
9 0060 2026
9 0479 0573
9 0481 0627
9 0060 2218
9 0299 5408
9 0060 1225
9 0060 0240
9 0018 0060 0481
9 0036 0627 0628
9 0067 0628 1026
9 0323 0439 0544
9 0036 0067 0628
9 0088 0755 2099
9 0018 0036 0479
9 0067 0299 3598
9 0323 0439 1110
9 0067 0323 0439
8 0121
8 0161
8 0192
8 0266
8 0273
8 0381
8 0409
8 0429
8 0482
8 0492
8 0495
8 0603
8 0708
8 0874
8 1004
8 1076
8 1090
8 1223
8 1342
8 1343
8 1349
8 1413
8 1430
8 1440
8 1451
8 1518
8 1573
8 1594
8 1674
8 1789
8 1822
8 1855
8 2072
8 2151
8 2200
8 2234
8 2608
8 2624
8 3867
8 4109
8 4125
8 4242
8 0060 0237
8 0060 0464
8 0088 0625
8 0060 0490
8 0060 0370
8 0060 0824
8 0060 0655
8 0067 0205
8 0088 0745
8 0060 1136
8 0067 0985
8 0067 0678
8 0706 1620
8 0060 0747
8 0067 0842
8 0037 0067
8 0060 0293
8 0067 0457
8 0060 0678
8 0060 0167
8 0325 0479
8 0067 0537
8 0067 1100
8 0067 0342
8 0060 2369
8 0036 0323
8 0060 0600
8 0060 0767
8 0067 2712
8 0060 0996
8 0088 0543
8 0067 3082
8 0060 0085
8 0439 0543
8 0323 0376
8 0088 1261
8 0060 0159
8 0060 3051
8 0060 1620
8 1151 1975
8 0018 4126
8 0067 1029
8 0067 2848
8 0060 1836
8 0060 0496
8 0018 0573
8 0067 1227
8 0060 0950
8 0067 0503
8 0067 0332
8 0060 0502
8 0067 1512
8 0067 4542
8 0060 2544
8 0060 0691
8 0439 0755
8 0067 5408
8 0496 1836
8 0011 0067
8 0177 1225
8 0018 0272
8 0439 1261
8 0060 0067 1129
8 0060 0067 0136
8 0439 0479 0544
8 0018 0439 0479
8 0060 0067 0479
8 0018 0067 0479
8 0018 0164 0436
8 0060 0067 0418
8 0060 0479 0573
8 0067 0479 0544
8 0018 0323 0439 0479
7 0020
7 0046
7 0052
7 0087
7 0120
7 0127
7 0498
7 0513
7 0568
7 0620
7 0648
7 0666
7 0835
7 0836
7 0851
7 0873
7 0880
7 0937
7 0971
7 1023
7 1095
7 1135
7 1248
7 1266
7 1397
7 1402
7 1495
7 1525
7 1532
7 1650
7 1682
7 1765
7 1771
7 1794
7 2246
7 2296
7 2329
7 2332
7 2747
7 2757
7 2843
7 2984
7 3017
7 3059
7 3145
7 3154
7 3182
7 3263
7 3584
7 3791
7 4036
7 5917
7 0060 0062
7 0060 0327
7 0060 0328
7 0060 0515
7 0000 0481
7 0625 0628
7 0060 0813
7 0036 0488
7 0067 1041
7 0060 1067
7 0088 1316
7 0060 0547
7 0088 0237
7 0067 0527
7 0067 1213
7 0067 0913
7 0067 0370
7 0060 0205
7 0060 0828
7 0060 0604
7 0060 1227
7 0067 0340
7 0060 0218
7 0060 0426
7 0088 0325
7 0060 0676
7 0088 0676
7 0543 0838
7 0060 0797
7 0018 0524
7 0067 1381
7 0067 0600
7 0362 2331
7 0721 1261
7 0067 0379
7 0067 0959
7 0060 1512
7 0060 1397
7 0088 0362
7 0060 0342
7 0043 0060
7 0088 1129
7 0327 1129
7 0328 1129
7 0060 2303
7 0067 0227
7 0627 2396
7 0067 1662
7 0060 1101
7 0018 0967
7 0479 4126
7 0067 2868
7 1261 2099
7 0946 1211
7 0067 0447
7 0088 0330
7 0067 2745
7 0060 0491
7 0060 1349
7 0067 1120
7 0060 4242
7 0060 1808
7 0060 0566
7 0060 4393
7 0067 0369
7 0067 0357
7 0060 0269
7 0018 0838
7 0060 1789
7 0323 0627
7 0067 0950
7 0323 0946
7 0067 0539
7 0067 0686
7 0060 0541
7 0088 3094
7 0060 0377
7 0067 0514
7 0244 0627
7 0060 1012
7 0067 0104
7 0721 2868
7 0067 0829
7 0088 0661
7 0088 0177
7 0067 0893
7 0060 0327 0328
7 0018 0060 0323
7 0036 0060 0479
7 0011 0060 0286
7 0327 0328 1129
7 0060 0067 0628
7 0060 0117 1975
7 0060 0479 0543
7 0060 0088 0686
7 0060 0377 0378
7 0036 0060 0628
7 0323 0439 0479 0544
6 0001
6 0050
6 0053
6 0063
6 0068
6 0081
6 0090
6 0156
6 0158
6 0204
6 0247
6 0260
6 0308
6 0315
6 0329
6 0333
6 0443
6 0465
6 0486
6 0571
6 0580
6 0622
6 0642
6 0680
6 0746
6 0791
6 0859
6 0872
6 0914
6 0919
6 0931
6 0961
6 1074
6 1166
6 1187
6 1212
6 1372
6 1379
6 1429
6 1483
6 1584
6 1617
6 1670
6 1676
6 1758
6 1834
6 1895
6 1997
6 2194
6 2294
6 2312
6 2432
6 2440
6 2545
6 2649
6 2655
6 2665
6 2671
6 2702
6 2773
6 2792
6 2807
6 2928
6 3232
6 3269
6 3380
6 3502
6 3587
6 3638
6 4032
6 4121
6 4180
6 4315
6 4341
6 4432
6 5242
6 5279
6 6031
6 0060 0380
6 0060 0492
6 0088 0211
6 0060 0842
6 0018 0621
6 0117 0908
6 0060 0971
6 0244 0543
6 0067 0443
6 0036 1022
6 0060 1372
6 0088 0594
6 0067 0085
6 0036 0524
6 0060 1486
6 0067 0524
6 0416 0627
6 0060 0623
6 0088 1068
6 0418 1808
6 0067 1950
6 0067 0767
6 0067 0571
6 0018 1029
6 0088 0544
6 0439 0621
6 0067 0350
6 0060 0431
6 0027 0067
6 0018 1908
6 0325 2160
6 0042 0060
6 0067 2303
6 0088 0500
6 0060 0482
6 0060 0835
6 0088 1051
6 0067 1010
6 0060 2624
6 0060 0258
6 0060 2671
6 0088 1185
6 0060 1057
6 0060 1794
6 0060 0310
6 0067 0797
6 0060 0859
6 0060 1518
6 0060 0805
6 0067 0944
6 0088 0987
6 0436 0439
6 0067 3380
6 0088 1160
6 0064 0067
6 0159 0362
6 0060 2848
6 0060 3598
6 0627 2160
6 0628 3598
6 0060 0495
6 0116 2160
6 0060 0501
6 0060 0336
6 0088 3877
6 0439 0499
6 0040 0067
6 0060 0851
6 0418 0748
6 0117 1151
6 0067 0760
6 0060 1546
6 0323 2745
6 0067 1219
6 0060 3082
6 0060 4315
6 0067 3094
6 0488 1183
6 0060 0903
6 0088 0089
6 0060 4297
6 0323 0748
6 0060 0334
6 0060 1192
6 0067 0501
6 0060 0180
6 0060 2099
6 0880 0881
6 0323 1043
6 0060 0424
6 0439 0946
6 0060 3181
6 0067 3181
6 0060 0893
6 0018 0244
6 0067 3647
6 0244 0479
6 0436 0479
6 0479 0627
6 0036 1261
6 0543 0627
6 0177 2218
6 0060 1110
6 0060 0921
6 0067 1983
6 0272 0479
6 0067 0903
6 0060 2246
6 0088 0829
6 0067 0336
6 0018 0755
6 0067 1242
6 0060 0601
6 0067 1049
6 0005 0088
6 0067 0661
6 0479 0625
6 0021 0088
6 0067 1259
6 0067 0691
6 0088 1983
6 0481 0544
6 0088 0627 0628
6 0067 0362 0627
6 0060 0067 0470
6 0060 0470 1129
6 0067 0191 0767
6 0045 0067 0436
6 0060 0828 0829
6 0060 0067 0325
6 0060 0067 1025
6 0018 0479 0524
6 0060 0067 1043
6 0060 0362 2331
6 0060 0299 1129
6 0060 0748 1120
6 0060 0756 1129
6 0088 2099 3877
6 0000 0067 0439
6 0018 0060 0164
6 0018 0060 0436
6 0060 0418 0748
6 0060 1151 1975
6 0117 1151 1975
6 0018 0479 0481
6 0060 0067 0453
6 0060 0362 0627
6 0060 0067 0362
6 0067 0418 0626
6 0060 0323 0418
6 0060 0067 0177
6 0018 0479 0573
6 0018 0060 0067
6 0060 0067 0470 1129
6 0018 0060 0164 0436
5 0077
5 0080
5 0108
5 0113
5 0139
5 0160
5 0168
5 0226
5 0259
5 0264
5 0278
5 0280
5 0346
5 0428
5 0433
5 0459
5 0570
5 0581
5 0619
5 0652
5 0662
5 0673
5 0679
5 0682
5 0685
5 0770
5 0777
5 0784
5 0817
5 0839
5 0846
5 0879
5 0898
5 0938
5 0940
5 0981
5 1047
5 1093
5 1094
5 1096
5 1103
5 1144
5 1195
5 1232
5 1264
5 1366
5 1382
5 1396
5 1500
5 1553
5 1556
5 1561
5 1564
5 1602
5 1770
5 1815
5 1969
5 2057
5 2073
5 2324
5 2344
5 2357
5 2505
5 2507
5 2594
5 2599
5 2631
5 2743
5 2785
5 2866
5 2925
5 2938
5 3078
5 3129
5 3519
5 3623
5 3736
5 3881
5 4015
5 4051
5 4100
5 4112
5 4197
5 4261
5 4267
5 4312
5 4359
5 4362
5 4399
5 4452
5 4481
5 4496
5 4651
5 4749
5 4973
5 6015
5 6623
5 8071
5 0035 0036
5 0067 0068
5 0325 0481
5 0000 0018
5 0018 0337
5 0067 0545
5 0088 0677
5 0378 0587
5 0177 0813
5 0060 0908
5 0067 0655
5 0362 0639
5 0791 0792
5 0060 0666
5 0088 1025
5 0067 0337
5 0060 0642
5 0060 1342
5 0088 0527
5 0036 1070
5 0627 1025
5 0067 0693
5 0060 1673
5 0594 1525
5 0000 0418
5 0000 0726
5 0418 0726
5 0323 0481
5 0481 1950
5 0479 0889
5 0060 1997
5 0067 1532
5 0060 0434
5 0067 0573
5 0439 0481
5 0060 1957
5 0067 2161
5 0046 0060
5 0036 0427
5 0060 2332
5 0067 0426
5 0067 0187
5 0060 1810
5 0060 0985
5 0115 1151
5 0323 0436
5 0116 2677
5 0088 0838
5 0060 0357
5 0838 1022
5 0056 0832
5 0060 0653
5 0088 0697
5 0088 0715
5 0060 0519
5 0067 0519
5 0088 0376
5 0088 0721
5 0088 0881
5 0036 3182
5 0060 3182
5 0060 2747
5 0067 1413
5 0067 3530
5 0418 3530
5 0001 0067
5 0067 2659
5 0060 0168
5 0060 1556
5 0060 0944
5 0327 0756
5 0328 0756
5 0838 1129
5 0060 1440
5 0060 3791
5 0060 0784
5 0067 0603
5 0018 0543
5 0056 0067
5 0088 1419
5 0060 1076
5 0060 0108
5 0067 1212
5 0060 2843
5 0060 4015
5 0088 4036
5 0439 1512
5 0067 0086
5 1129 4100
5 0018 0628
5 0060 0648
5 0060 2329
5 0060 1211
5 0067 0917
5 0067 1211
5 0060 1758
5 0330 0418
5 0067 0762
5 0418 1402
5 0060 0273
5 0045 0323
5 0067 4341
5 0060 2037
5 0088 0903
5 0088 0416
5 0362 3051
5 0362 0418
5 0067 0541
5 0060 0447
5 0060 1594
5 0060 0974
5 0453 2160
5 0060 2238
5 0323 0987
5 0067 3937
5 0067 0543
5 0244 0481
5 0272 0543
5 0060 4749
5 0060 4109
5 0060 1822
5 0067 0464
5 0060 3867
5 0748 2099
5 0088 3339
5 0362 1261
5 0272 0323
5 0088 0470
5 0088 2160
5 0067 0240
5 1129 1975
5 0060 0570
5 0088 0917
5 0000 0323
5 0479 0621
5 0060 0409
5 0088 1070
5 0481 0488
5 0067 0193
5 0067 0089
5 0479 1261
5 0591 2928
5 0060 0836
5 0067 0601
5 0009 0067
5 0060 0350
5 0479 0967
5 0439 0721
5 0064 0299
5 0067 0431
5 0439 2042
5 0067 1585
5 0193 0439
5 0439 1585
5 2160 5408
5 0089 0323
5 0543 1585
5 0272 0439
5 0067 2101
5 0036 0726
5 0060 2478
5 0067 2478
5 0323 0967
5 0967 2042
5 0067 5917
5 0060 1865
5 0089 0439
5 0060 4125
5 0541 2478
5 0134 0439
5 0464 0479
5 0134 0323
5 0060 0346
5 0088 0967
5 0060 3339
5 0804 0829
5 0258 0621
5 0060 1495
5 0067 1389
5 0060 1093
5 0340 1093
5 0067 1573
5 0060 0087
5 0018 0416
5 0060 6623
5 0067 1004
5 0479 0628
5 0067 0497
5 0416 0481
5 0481 0527
5 0036 0088 0627
5 0036 0060 0524
5 0000 0067 0418
5 0018 0067 0325
5 0018 0325 0479
5 0060 0067 0827
5 0060 0116 2677
5 0060 0067 0439
5 0067 2160 3598
5 0060 0327 0756
5 0060 0327 1129
5 0060 0328 0756
5 0060 0328 1129
5 0060 0838 1129
5 0327 0328 0756
5 0327 0756 1129
5 0328 0756 1129
5 0060 0067 0083
5 0067 0628 3598
5 0067 0627 2396
5 0060 0706 1620
5 0060 0117 1151
5 0018 0479 4126
5 0060 0067 0805
5 0060 0418 0626
5 0060 0067 0116
5 0067 0453 2160
5 0060 0067 0626
5 0060 0067 1026
5 0018 0244 0479
5 0067 2848 3647
5 0067 0481 0627
5 0018 0060 4126
5 0060 0479 4126
5 0060 0177 2218
5 0323 0439 0755
5 0060 0496 1836
5 0060 0177 1225
5 0018 0060 0573
5 0060 0804 0829
5 0060 0088 0479
5 0021 0060 0088
5 0060 0340 1093
5 0036 0060 0088
5 0036 0088 0627 0628
5 0060 0327 0328 0756
5 0060 0327 0328 1129
5 0060 0327 0756 1129
5 0060 0328 0756 1129
5 0327 0328 0756 1129
5 0060 0117 1151 1975
5 0018 0060 0479 0573
5 0060 0327 0328 0756 1129
4 0008
4 0012
4 0029
4 0033
4 0058
4 0082
4 0097
4 0123
4 0195
4 0252
4 0304
4 0307
4 0351
4 0385
4 0406
4 0437
4 0468
4 0511
4 0516
4 0557
4 0574
4 0586
4 0593
4 0599
4 0606
4 0638
4 0649
4 0650
4 0698
4 0701
4 0722
4 0731
4 0736
4 0743
4 0749
4 0795
4 0830
4 0837
4 0840
4 0863
4 0875
4 0911
4 0918
4 0976
4 10488
4 1069
4 1085
4 1088
4 1098
4 1102
4 1163
4 1194
4 1206
4 1217
4 1241
4 1249
4 1267
4 1276
4 1290
4 1329
4 1335
4 1371
4 1394
4 1426
4 1457
4 1465
4 1467
4 1565
4 1582
4 1590
4 1610
4 1637
4 1647
4 1658
4 1688
4 1821
4 1842
4 1851
4 1880
4 1901
4 1927
4 1942
4 1976
4 2021
4 2024
4 2031
4 2044
4 2074
4 2109
4 2120
4 2139
4 2145
4 2158
4 2186
4 2220
4 2226
4 2260
4 2283
4 2305
4 2310
4 2351
4 2359
4 2378
4 2498
4 2502
4 2528
4 2686
4 2733
4 2739
4 2781
4 2793
4 2799
4 2832
4 2913
4 3026
4 3056
4 3467
4 3501
4 3505
4 3531
4 3546
4 3557
4 3559
4 3600
4 3621
4 3643
4 3653
4 3658
4 3784
4 3806
4 3848
4 3849
4 3981
4 4064
4 4081
4 4130
4 4244
4 4245
4 4259
4 4285
4 4303
4 4325
4 4326
4 4343
4 4402
4 4404
4 4421
4 4462
4 4545
4 4571
4 4667
4 4671
4 4689
4 4742
4 4747
4 4823
4 4918
4 4953
4 4963
4 4972
4 4987
4 5555
4 5804
4 5816
4 5953
4 6055
4 6092
4 8780
4 9035
4 0036 0039
4 0067 0259
4 0060 0465
4 0060 0467
4 0325 0339
4 0060 0511
4 0060 0266
4 0088 0626
4 0625 0626
4 0625 0627
4 0067 0409
4 0088 0587
4 0036 0621
4 0067 0908
4 0060 0931
4 0088 0946
4 0067 0914
4 0067 1101
4 0060 1103
4 0060 1135
4 0067 1166
4 0036 1064
4 0060 1187
4 0088 1136
4 0067 0250
4 0067 0619
4 0085 0362
4 0060 1381
4 0060 1094
4 0060 1674
4 1673 1674
4 0060 1213
4 0067 0490
4 0060 0429
4 0060 1532
4 0067 1125
4 0060 0242
4 0067 1083
4 0436 0590
4 0088 0591
4 0439 0591
4 0481 0591
4 0067 0687
4 0060 0160
4 0481 0745
4 0060 1553
4 0060 1429
4 0060 0161
4 0060 0620
4 0479 1908
4 0060 2351
4 0067 0376
4 0479 2403
4 0060 0687
4 0060 1090
4 0088 1090
4 0067 0242
4 0036 0299
4 0067 0090
4 0067 0408
4 0088 1682
4 0164 0323
4 0067 1343
4 0067 1095
4 0067 1192
4 0327 0838
4 0328 0838
4 0067 0381
4 0060 2807
4 0237 0715
4 0067 2842
4 0060 2594
4 0067 0982
4 0019 0036
4 0481 0889
4 0067 1136
4 0457 3145
4 0088 1022
4 0060 3263
4 0067 0623
4 0067 3269
4 0060 1525
4 0088 2042
4 0060 0701
4 0036 2403
4 0299 0325
4 0032 0627
4 0299 1026
4 0060 1602
4 0064 0755
4 0067 2665
4 0755 2659
4 0161 0937
4 0299 0678
4 0678 1129
4 0088 1824
4 0060 1267
4 0060 3653
4 0418 0827
4 0827 1267
4 0627 3598
4 0628 2160
4 0060 3523
4 0479 2848
4 0479 3647
4 0543 3647
4 0067 0937
4 0060 1764
4 0987 3232
4 0060 1765
4 0067 0499
4 0177 0418
4 0067 0929
4 0067 1191
4 0748 0967
4 0060 3981
4 0067 1012
4 0060 1371
4 0060 4064
4 0060 1670
4 0164 0439
4 0323 1129
4 0439 1129
4 4125 4126
4 0088 1855
4 0067 2545
4 1261 3877
4 0060 2743
4 0060 0917
4 0067 0515
4 0116 0330
4 0060 1402
4 0067 2186
4 0060 2745
4 0088 2161
4 0067 1638
4 1349 1350
4 0060 1430
4 0362 3082
4 0060 4312
4 0067 1650
4 0116 4242
4 0088 0490
4 0060 2359
4 0362 0718
4 0060 1389
4 0067 0996
4 0903 0944
4 0060 3502
4 0369 0418
4 0323 1120
4 0060 0762
4 0416 0500
4 0116 0439
4 0330 0718
4 0060 2984
4 0067 2624
4 0067 4297
4 0067 0745
4 0332 0995
4 0067 0593
4 0067 1808
4 0323 0426
4 0067 0204
4 0060 0622
4 0330 0987
4 0874 2057
4 0060 4542
4 0543 0824
4 0067 0162
4 0067 1940
4 0362 0378
4 0060 0881
4 0323 0325
4 0060 2120
4 0115 0116
4 0116 0875
4 0116 1261
4 0067 4963
4 4972 4973
4 0481 1940
4 0543 0573
4 0628 0967
4 0488 3181
4 0164 0479
4 0627 1975
4 0350 0621
4 0067 1815
4 0060 2029
4 0481 0967
4 0060 2312
4 0067 2403
4 0067 4432
4 0036 0760
4 0088 0117
4 0088 0706
4 0060 1770
4 0627 1129
4 0299 1343
4 0060 1185
4 0060 0817
4 0060 2073
4 0299 0721
4 0721 3598
4 0323 1067
4 0439 1067
4 0088 2238
4 0060 4496
4 0272 0393
4 0088 0218
4 0067 1223
4 0104 0481
4 0481 0661
4 0067 0756
4 0323 2042
4 0088 1810
4 0088 2773
4 1343 5408
4 0656 0755
4 0067 3587
4 0088 2101
4 0009 0060
4 0060 0650
4 0088 0909
4 0060 2296
4 0060 3505
4 0067 1880
4 0067 4667
4 0088 1620
4 0088 0828
4 0625 2160
4 0067 0286
4 0323 0499
4 0439 0627
4 0060 5408
4 0088 1057
4 0060 6031
4 1261 2659
4 0067 6015
4 0828 0967
4 0829 0967
4 0439 0457
4 0829 2099
4 0067 3129
4 0299 2160
4 0088 0656
4 0439 0967
4 0088 0488
4 0060 1834
4 0060 2344
4 0067 0310
4 0067 0708
4 0060 0837
4 0067 0424
4 0060 5242
4 0088 0596
4 0258 0718
4 0060 0427
4 0060 0193
4 0067 0266
4 0060 1041
4 0067 1018
4 0060 2200
4 0479 2042
4 0088 0678
4 0060 1195
4 0088 1638
4 0067 2655
4 0060 0872
4 0067 0747
4 0627 0686
4 0036 4542
4 0699 0804
4 0060 5279
4 0060 0846
4 0625 0987
4 0060 1004
4 0439 2072
4 0481 0625
4 0060 2396
4 0060 2194
4 0628 5408
4 0481 0628
4 0000 0544
4 0418 0439
4 0060 5804
4 0088 2229
4 0439 3584
4 0117 1129
4 0580 2026
4 0067 0653
4 0060 2101
4 0018 0325 0481
4 0000 0018 0060
4 0060 0067 0587
4 0060 0177 0813
4 0060 0481 0621
4 0060 0362 0639
4 0067 0678 0967
4 0060 0323 0362
4 0000 0067 0726
4 0067 0418 0726
4 0067 0590 0591
4 0045 0060 0436
4 0060 0479 0524
4 0018 0479 1908
4 0067 0325 2160
4 0060 0067 0376
4 0060 0479 2403
4 0327 0328 0838
4 0067 0838 1022
4 0056 0060 0832
4 0060 0067 0339
4 0067 0088 0755
4 0060 0323 0543
4 0323 0439 0543
4 0032 0060 0067
4 0060 0159 0362
4 0060 0088 0944
4 0060 0418 0827
4 0060 0827 1267
4 0067 0627 0628
4 0067 0628 2160
4 0060 0116 2160
4 0479 2848 3647
4 0060 0067 1764
4 0060 0678 0967
4 0164 0436 0439
4 0323 0439 1129
4 0018 0036 0067
4 0060 1349 1350
4 0060 0116 4242
4 0060 0177 0323
4 0060 0418 1808
4 0060 0362 3051
4 0060 0362 0418
4 0067 0748 1120
4 0060 0067 0332
4 0060 0332 0995
4 0060 0543 0824
4 0088 0748 2099
4 0088 1261 2099
4 0060 0362 1261
4 0323 0439 0946
4 0067 1129 1975
4 0060 0088 0481
4 0060 0543 0573
4 0060 0067 0539
4 0060 0436 0479
4 0164 0436 0479
4 0067 0479 0627
4 0067 0627 1975
4 0018 0036 1261
4 0018 0479 1261
4 0067 0116 2160
4 0060 0272 0543
4 0018 0479 0967
4 0067 0439 0721
4 0299 0721 3598
4 0323 0439 1067
4 0067 0439 0755
4 0060 0067 0625
4 0067 0625 0628
4 0060 0543 1585
4 0088 0828 0829
4 0323 0439 1261
4 0060 0067 0838
4 0067 0117 1975
4 0018 0088 0479
4 0060 0067 0677
4 0828 0829 0967
4 0134 0323 0439
4 0323 0439 0967
4 0067 0378 0587
4 0067 0258 0621
4 0067 0258 0718
4 0060 0699 0804
4 0067 0164 0436
4 0067 0088 0627
4 0060 0067 2396
4 0036 0481 0628
4 0060 0088 0625
4 0018 0060 0272
4 0117 1129 1975
4 0067 0497 0893
4 0036 0479 0628
3 0022
3 0047
3 0051
3 0061
3 0069
3 0091
3 0110
3 0126
3 0153
3 0175
3 0186
3 0188
3 0236
3 0261
3 0262
3 0270
3 0322
3 0367
3 0386
3 0414
3 0421
3 0423
3 0430
3 0449
3 0451
3 0489
3 0504
3 0538
3 0560
3 0582
3 0605
3 0636
3 0669
3 0681
3 0683
3 0694
3 0713
3 0729
3 0730
3 0741
3 0783
3 0790
3 0826
3 0854
3 0867
3 0882
3 0887
3 0912
3 0939
3 0953
3 0956
3 0968
3 1008
3 1009
3 1014
3 10214
3 1036
3 1052
3 1073
3 1105
3 1108
3 1112
3 1115
3 1118
3 1123
3 1127
3 1142
3 1147
3 1148
3 1150
3 1156
3 1159
3 1179
3 1289
3 1369
3 1373
3 1374
3 1375
3 1383
3 1393
3 1437
3 1491
3 1505
3 1509
3 1529
3 1554
3 1558
3 1559
3 1568
3 1572
3 1581
3 1588
3 1608
3 1613
3 1629
3 1639
3 1666
3 1679
3 1725
3 1737
3 1754
3 1761
3 1869
3 1885
3 1886
3 1897
3 1900
3 1911
3 1947
3 1948
3 1953
3 1954
3 1960
3 1964
3 1977
3 1989
3 2083
3 2084
3 2093
3 2128
3 2172
3 2174
3 2185
3 2192
3 2202
3 2209
3 2219
3 2224
3 2230
3 2235
3 2244
3 2253
3 2254
3 2288
3 2304
3 2323
3 2338
3 2381
3 2402
3 2406
3 2468
3 2480
3 2490
3 2516
3 2548
3 2552
3 2568
3 2570
3 2611
3 2710
3 2756
3 2808
3 2809
3 2814
3 2815
3 2834
3 2897
3 2907
3 2931
3 2954
3 2963
3 2966
3 2968
3 2985
3 3004
3 3062
3 3069
3 3126
3 3138
3 3143
3 3147
3 3200
3 3400
3 3458
3 3460
3 3498
3 3507
3 3537
3 3652
3 3669
3 3783
3 3793
3 3821
3 3865
3 3903
3 3934
3 3972
3 4019
3 4179
3 4193
3 4226
3 4233
3 4238
3 4246
3 4255
3 4277
3 4278
3 4281
3 4294
3 4324
3 4330
3 4348
3 4379
3 4391
3 4401
3 4405
3 4416
3 4437
3 4456
3 4484
3 4544
3 4583
3 4586
3 4607
3 4608
3 4800
3 4890
3 4891
3 4942
3 4950
3 4961
3 4968
3 4978
3 5057
3 5181
3 5184
3 5223
3 5248
3 5261
3 5286
3 5303
3 5400
3 5439
3 5448
3 5481
3 5538
3 5605
3 5811
3 5831
3 6064
3 6226
3 6268
3 6493
3 6581
3 6589
3 6638
3 6789
3 6875
3 7157
3 7705
3 7793
3 7883
3 8242
3 9451
3 0060 0063
3 0067 0069
3 0060 0077
3 0036 0162
3 0060 0381
3 0088 0426
3 0067 0451
3 0060 0468
3 0339 0499
3 0060 0082
3 0174 0514
3 0573 0590
3 0021 0337
3 0036 0625
3 0626 0627
3 0018 0492
3 0060 0741
3 0488 0950
3 0088 1101
3 0088 0244
3 0136 0745
3 0067 0791
3 0067 1156
3 0052 0067
3 0052 1108
3 0036 1018
3 0627 1241
3 0642 1342
3 0067 0469
3 0067 0304
3 0067 1440
3 0067 1451
3 0524 1070
3 0060 0680
3 0060 0278
3 0060 1095
3 0067 1396
3 0020 0060
3 0067 1559
3 0627 1043
3 0623 1650
3 0067 0594
3 0067 1509
3 0060 1895
3 0060 0127
3 0067 1948
3 0842 1129
3 0060 0188
3 0323 1950
3 0060 0743
3 0067 0264
3 0067 2026
3 0060 0406
3 0036 0242
3 0479 1029
3 0088 0621
3 0060 2151
3 2160 2161
3 0067 1429
3 0060 2224
3 0250 0479
3 0416 0479
3 0524 0620
3 0481 0545
3 0067 1908
3 0479 2160
3 0060 2338
3 0116 1129
3 0060 2402
3 0067 1565
3 0362 1151
3 0067 0195
3 0067 0610
3 0060 1584
3 0060 2502
3 0088 0393
3 0393 0518
3 0439 2394
3 0060 0596
3 0067 2599
3 0060 1682
3 0060 0791
3 0439 0697
3 0060 2528
3 0060 0081
3 0067 0123
3 0060 1123
3 0060 2815
3 0060 0715
3 0088 0532
3 0088 1957
3 1022 2303
3 0020 0479
3 0060 2897
3 0479 0859
3 0060 2098
3 0056 0370
3 0088 0370
3 0088 1120
3 0370 0832
3 0042 1025
3 0088 0334
3 0060 3056
3 0060 1413
3 0136 0174
3 0088 0174
3 0036 0467
3 0060 0260
3 0601 0627
3 0323 0838
3 0439 0838
3 0323 2099
3 0060 0982
3 0067 0121
3 0060 0594
3 0088 1525
3 0067 1561
3 0060 0599
3 0721 0881
3 0393 0678
3 0060 3400
3 0036 0655
3 0655 3182
3 0057 0067
3 0067 2406
3 0067 3557
3 0036 0037
3 0060 0153
3 0060 1379
3 0064 2665
3 0064 3598
3 0755 2665
3 0755 3598
3 2665 3598
3 0060 0937
3 0043 0678
3 0060 3638
3 0756 0838
3 0060 3652
3 0418 0426
3 0418 3653
3 0627 1764
3 0018 0418
3 0325 0627
3 0325 0628
3 0067 3460
3 0053 0060
3 0227 0627
3 0018 2848
3 0018 3647
3 0543 2848
3 0067 0161
3 0060 1100
3 0067 3154
3 0088 0736
3 0088 1012
3 0060 3232
3 0067 0676
3 0067 1771
3 0067 1765
3 0272 0755
3 0060 0873
3 0040 0418
3 0060 0139
3 0067 0139
3 0060 1419
3 0191 0627
3 0060 1897
3 0060 3934
3 0060 0158
3 0478 0748
3 0067 3848
3 1191 3848
3 0018 0678
3 0018 0748
3 0018 0117
3 0018 1975
3 1212 1483
3 0060 0783
3 0376 0783
3 0479 2608
3 0060 0956
3 0627 0760
3 0191 0838
3 0036 1183
3 0479 4125
3 0481 4126
3 0088 0513
3 0060 0716
3 0088 1546
3 0060 0638
3 0590 0627
3 0020 0036
3 0378 0481
3 0378 0653
3 0481 0686
3 0060 0649
3 0067 1927
3 0362 0470
3 0067 2099
3 0060 4255
3 0060 4259
3 0334 0827
3 0827 2745
3 0060 3531
3 0060 1969
3 0060 4278
3 0067 1969
3 0067 1342
3 0060 1064
3 0136 0362
3 0481 1120
3 0067 3059
3 0362 1129
3 1129 3059
3 0362 0748
3 0627 0748
3 0748 3082
3 0088 1402
3 0323 0626
3 0273 4315
3 0060 4325
3 0060 4326
3 0060 2234
3 0060 2702
3 0332 0827
3 0332 3530
3 0060 0919
3 0718 0981
3 0177 0330
3 0067 4362
3 0330 4362
3 0418 1051
3 0362 0909
3 0060 0186
3 0116 0627
3 0418 4393
3 0418 2331
3 0060 4399
3 0323 0805
3 0418 0469
3 0088 0718
3 0032 0088
3 0060 4452
3 0067 1594
3 0067 2984
3 0060 0421
3 0088 2745
3 0060 3877
3 0062 0067
3 0362 4242
3 0362 4297
3 2331 4297
3 0067 0995
3 0626 2160
3 0067 3339
3 0177 0827
3 0272 0627
3 0627 0827
3 0088 0369
3 0196 2160
3 0177 0805
3 0362 4437
3 0060 3501
3 0060 2394
3 2359 3051
3 0336 1010
3 0067 0335
3 0067 4452
3 0060 2816
3 0116 0453
3 0453 2677
3 0323 2331
3 0718 0987
3 0453 0987
3 0748 0827
3 0060 0898
3 0067 0333
3 0453 0539
3 0539 0543
3 0060 0329
3 0060 2294
3 0946 0987
3 0088 0183
3 0060 3017
3 0418 0909
3 0272 0362
3 0272 0481
3 0060 0880
3 0067 3867
3 0827 1808
3 0067 4742
3 0323 0424
3 0424 0439
3 0018 0027
3 0018 0299
3 0018 3598
3 0323 0478
3 0362 0464
3 0060 0333
3 0060 0940
3 0040 0362
3 0036 0677
3 0060 2611
3 0088 0666
3 0060 0414
3 0060 4112
3 0060 4571
3 0625 2042
3 0056 0116
3 0067 2785
3 0088 4180
3 0060 1572
3 0060 0450
3 0088 3232
3 0088 3598
3 0838 2160
3 0323 1227
3 0244 0748
3 0244 1120
3 0060 0874
3 0067 1144
3 0018 1129
3 0018 1026
3 0623 1026
3 0088 0950
3 0950 4402
3 0875 1261
3 0088 2396
3 0060 4481
3 0018 0500
3 0060 2938
3 0088 0502
3 0060 0497
3 0060 4972
3 0060 4973
3 0067 0680
3 0621 0681
3 0060 3647
3 0479 4542
3 0036 0967
3 0416 0967
3 0060 0568
3 0060 0682
3 0527 1950
3 0067 0730
3 0350 0479
3 0323 0537
3 0244 2848
3 0056 0323
3 0127 0323
3 0060 1242
3 0067 2544
3 0244 1022
3 0244 2544
3 0481 0573
3 0177 0244
3 0323 0621
3 0621 2608
3 0453 0479
3 0481 1975
3 0088 0162
3 0196 0501
3 0293 0479
3 0060 0685
3 0060 1426
3 0060 1098
3 0453 2544
3 0018 0039
3 0040 0439
3 0439 1012
3 0060 2440
3 0479 0745
3 0601 0621
3 0060 1901
3 0060 2757
3 0187 0323
3 0177 1582
3 0067 1194
3 0115 0272
3 0115 0824
3 0060 0270
3 0269 0270
3 0269 0299
3 0269 1129
3 0299 1022
3 0088 0492
3 0088 0501
3 0470 0501
3 0470 0944
3 0000 0362
3 0060 2161
3 0439 0691
3 0018 0817
3 0177 2160
3 0299 0439
3 0587 0627
3 0060 5261
3 0060 0187
3 0136 0628
3 0479 4496
3 0036 0227
3 0227 0760
3 0060 0259
3 0067 1064
3 0088 1223
3 0755 1223
3 0060 0938
3 0060 2792
3 0481 0673
3 0067 1676
3 0067 1076
3 0088 0893
3 0459 0893
3 0686 2773
3 0060 2145
3 0067 1658
3 0192 0439
3 1343 2160
3 0060 2649
3 0755 0838
3 0067 0731
3 0060 2044
3 0067 1976
3 0177 0650
3 0067 0547
3 0035 0088
3 0676 0909
3 0000 1129
3 0088 0453
3 0067 0488
3 0060 5816
3 0627 0755
3 0018 1836
3 0323 0335
3 0018 0525
3 0060 2545
3 2478 2545
3 0121 0323
3 0514 1764
3 0272 0573
3 0323 0766
3 0115 0393
3 0164 0590
3 0514 0518
3 0088 1585
3 0060 0280
3 0089 0479
3 0089 1637
3 0089 1638
3 1637 1638
3 0067 1674
3 1758 3505
3 0299 0470
3 0060 4608
3 0514 4608
3 0322 0323
3 0060 3078
3 0323 0656
3 0479 0656
3 0543 1261
3 0519 0573
3 0543 1350
3 0067 2098
3 0627 1151
3 0481 0524
3 0088 1232
3 0060 2324
3 0060 2868
3 0018 0056
3 0018 0544
3 0518 0677
3 0337 0479
3 0323 2848
3 0439 2848
3 0067 0097
3 0627 3644
3 0755 1261
3 0018 0464
3 0060 2507
3 0060 4942
3 0067 4953
3 0018 0661
3 0067 0828
3 0060 0875
3 0829 2659
3 0748 0829
3 0323 4261
3 0045 1261
3 0060 0777
3 0018 0721
3 0721 0838
3 0088 2394
3 0499 0946
3 0060 1451
3 0193 0323
3 0060 2608
3 0067 1023
3 0116 2042
3 0299 0628
3 1026 3598
3 0755 1983
3 0134 0967
3 0045 0488
3 0829 1261
3 0018 2394
3 0323 0370
3 0060 6268
3 0067 2037
3 0116 0837
3 0088 0250
3 0067 2234
3 0257 2234
3 0067 0459
3 0088 1573
3 0067 2608
3 0621 0718
3 0060 0156
3 0060 2809
3 0043 0067
3 0043 0068
3 0052 0060
3 0627 2544
3 0067 1047
3 0067 2369
3 0067 1225
3 0067 2866
3 0060 0348
3 0067 0180
3 0067 0087
3 0036 0134
3 0088 0981
3 0067 0110
3 0018 0045
3 0244 1043
3 0543 1908
3 0060 5448
3 0067 2792
3 0088 0192
3 0067 2296
3 0088 1088
3 0060 2799
3 0021 0067
3 0067 3821
3 1495 1670
3 0036 0653
3 0005 0036
3 0067 0715
3 0439 0678
3 0244 0299
3 0067 0247
3 0323 2659
3 0067 1673
3 0323 0721
3 0060 1457
3 0067 2151
3 1029 1261
3 0060 1855
3 0060 3559
3 0060 0423
3 0067 2229
3 0060 0455
3 0117 0537
3 0805 2160
3 0104 0439
3 0439 1500
3 2773 8071
3 0000 0625
3 0018 0673
3 0272 5242
3 0067 2631
3 0721 0755
3 0088 0395
3 0088 2029
3 0088 2194
3 0088 0880
3 0479 0527
3 0067 6031
3 0083 1025
3 0083 6031
3 1025 6031
3 0164 1908
3 0436 1908
3 0060 8242
3 0340 1397
3 1093 1397
3 0088 0134
3 0067 1187
3 0177 0748
3 0481 1185
3 0060 2834
3 0060 8071
3 0060 4421
3 0060 0839
3 0088 0566
3 0362 0377
3 0545 0628
3 0465 0620
3 0005 0060
3 0036 0544
3 0088 3126
3 0018 4032
3 0060 0498
3 0067 2913
3 0067 2074
3 0060 2158
3 0067 2158
3 0018 0136
3 0656 1512
3 0088 0450
3 0088 0746
3 0450 0686
3 0686 0746
3 0686 2229
3 0088 0424
3 0060 1266
3 0539 0627
3 0590 0721
3 0408 0481
3 0060 9035
3 0503 1865
3 0625 9035
3 0240 0621
3 0062 0573
3 0036 0889
3 0088 0889
3 0621 0627
3 0539 2544
3 0136 0479
3 0060 4961
3 0067 1865
3 0104 0686
3 0060 2928
3 0067 2928
3 0060 0580
3 0590 2928
3 0116 0591
3 0323 0813
3 0060 0610
3 0060 0662
3 0060 0694
3 0088 2842
3 0060 5555
3 0036 0257
3 0686 0813
3 0060 4987
3 0035 0543
3 0060 0790
3 0060 2230
3 0088 2200
3 0067 1107
3 0060 0325 0339
3 0018 0060 0337
3 0021 0060 0337
3 0036 0625 0628
3 0625 0627 0628
3 0060 0067 0545
3 0060 0067 0621
3 0018 0060 0492
3 0060 0117 0908
3 0067 0117 0908
3 0088 0136 0745
3 0067 0791 0792
3 0036 0416 0627
3 0416 0627 0628
3 0060 1673 1674
3 0060 0067 1950
3 0067 0842 1129
3 0000 0418 0726
3 0060 0067 0435
3 0060 0250 0479
3 0036 0060 0416
3 0036 0416 0479
3 0060 0524 0620
3 0027 0060 0067
3 0067 0479 2160
3 0060 0088 1227
3 0060 0067 0218
3 0060 0115 1151
3 0060 0362 1151
3 0060 0393 0518
3 0000 0060 0088
3 0060 0791 0792
3 0164 0323 0436
3 0045 0060 0088
3 0060 0088 0676
3 0060 0067 0088
3 0060 0067 0532
3 0060 0479 0859
3 0056 0370 0832
3 0042 0067 1025
3 0000 0479 0481
3 0060 0543 0838
3 0323 0439 0838
3 0088 0323 0376
3 0088 0323 0755
3 0018 0036 0060
3 0088 0594 1525
3 0088 0721 0881
3 0060 0088 1051
3 0036 0060 0655
3 0036 0060 2403
3 0036 0060 3182
3 0036 0655 3182
3 0060 0655 3182
3 0032 0067 0627
3 0064 0067 0755
3 0064 0067 2665
3 0064 0067 3598
3 0064 0755 2665
3 0064 0755 3598
3 0064 2665 3598
3 0067 0755 2659
3 0067 0755 2665
3 0067 0755 3598
3 0067 2665 3598
3 0755 2665 3598
3 0299 0678 1129
3 0060 0088 1824
3 0060 0327 0838
3 0060 0328 0838
3 0060 0756 0838
3 0327 0756 0838
3 0327 0838 1129
3 0328 0756 0838
3 0328 0838 1129
3 0756 0838 1129
3 0060 0418 0426
3 0060 0418 3653
3 0067 0627 1764
3 0018 0060 0418
3 0067 0627 2160
3 0325 0627 2160
3 0627 0628 3598
3 0627 2160 3598
3 0018 0479 0543
3 0018 0479 2848
3 0018 0479 3647
3 0018 2848 3647
3 0067 0161 0937
3 0060 0987 3232
3 0060 0067 1662
3 0067 1191 3848
3 0018 0060 0967
3 0018 0678 0967
3 0060 0376 0783
3 0067 0627 0760
3 0018 0481 4126
3 0479 4125 4126
3 0018 0036 0628
3 0018 0067 0628
3 0067 0362 0470
3 1261 2099 3877
3 0060 0418 3530
3 0060 0116 0330
3 0060 0481 1120
3 0060 0067 0416
3 0060 0273 4315
3 0060 0332 0827
3 0060 0332 3530
3 0060 0362 0718
3 0060 0177 0330
3 0060 0088 0903
3 0060 0903 0944
3 0088 0903 0944
3 0060 0362 0909
3 0060 0418 4393
3 0060 0418 2331
3 0323 0748 1120
3 0060 0418 1402
3 0067 0330 0718
3 0060 0488 1183
3 0060 0067 0745
3 0060 0362 4242
3 0060 0362 4297
3 0067 0627 0827
3 0060 0067 0987
3 0067 0196 2160
3 0018 0060 0838
3 0060 2359 3051
3 0067 0362 0418
3 0067 0323 0362
3 0067 0439 1512
3 0060 0116 0453
3 0060 0453 2677
3 0060 0453 0987
3 0060 0748 0827
3 0060 0539 0543
3 0060 0946 0987
3 0060 0088 2099
3 0060 0418 0909
3 0060 0880 0881
3 0323 0424 0439
3 0018 0299 3598
3 0040 0060 0362
3 0067 0625 2042
3 0056 0060 0116
3 0060 0721 1261
3 0244 0748 1120
3 0060 0623 1026
3 0116 0875 1261
3 0060 0088 0748
3 0060 4972 4973
3 0036 0416 0967
3 0036 0628 0967
3 0416 0628 0967
3 0060 0527 1950
3 0067 0244 1022
3 0060 0481 0488
3 0060 0488 3181
3 0018 0164 0479
3 0018 0436 0479
3 0060 0164 0479
3 0060 0481 0573
3 0067 0453 0479
3 0067 0196 0501
3 0060 0293 0479
3 0060 0067 0481
3 0018 0481 0967
3 0060 0067 0590
3 0036 0479 1261
3 0060 0115 0824
3 0060 0269 0270
3 0269 0299 1129
3 0067 0299 1343
3 0088 0470 0944
3 0060 0439 0691
3 0018 0060 0244
3 0060 0479 0481
3 0060 0479 0967
3 0060 0177 2160
3 0060 0323 1110
3 0060 0479 4496
3 0036 0227 0760
3 0060 0067 0272
3 0060 0272 0393
3 0067 0088 0439
3 0060 0104 0481
3 0060 0067 0726
3 0323 0439 2042
3 0088 0686 2773
3 0067 0193 0439
3 1343 2160 5408
3 0067 0656 0755
3 0060 0177 0650
3 0000 0067 1129
3 0000 0323 0439
3 0299 1343 5408
3 0067 0514 1764
3 0060 0323 0766
3 0060 0115 0393
3 0060 0164 0590
3 0060 0436 0590
3 0018 0272 0479
3 0272 0323 0439
3 0089 1637 1638
3 0060 1758 3505
3 0060 0514 4608
3 0088 0479 0544
3 0060 0543 1350
3 0060 0481 0524
3 0060 0067 0104
3 0060 0067 1151
3 0060 0721 2868
3 0060 4125 4126
3 0067 0625 2160
3 0018 0479 0544
3 0011 0067 0286
3 0323 0439 0499
3 0323 0439 0627
3 0060 0067 0514
3 0060 0067 0518
3 0060 0518 0677
3 0323 0439 2848
3 0067 0244 0627
3 0018 0060 1261
3 0067 0134 0439
3 0018 0464 0479
3 0067 0828 0829
3 0060 0116 0875
3 0067 0134 0323
3 0088 0829 2099
3 0748 0829 2099
3 0089 0323 0439
3 0323 0499 0946
3 0060 0628 1026
3 0299 2160 5408
3 0067 0721 2868
3 0067 0299 0628
3 0067 0299 1026
3 0067 1026 3598
3 0299 0628 1026
3 0299 0628 3598
3 0299 1026 3598
3 0628 1026 3598
3 0067 0755 1983
3 0134 0323 0967
3 0134 0439 0967
3 0060 0829 1261
3 0067 0323 0755
3 0088 0323 0439
3 0060 0116 0837
3 0036 0060 0067
3 0067 0257 2234
3 0067 0621 0718
3 0258 0621 0718
3 0043 0067 0068
3 0060 0627 2544
3 0067 0479 0625
3 0060 0177 0418
3 0060 0116 1261
3 0036 0060 0488
3 0067 0436 0479
3 0018 0060 0325
3 0067 0299 2160
3 0067 2160 5408
3 0060 0191 0767
3 0067 0625 0627
3 0067 0805 2160
3 0067 0481 0625
3 0088 0880 0881
3 0067 0083 1025
3 0067 0083 6031
3 0067 1025 6031
3 0083 1025 6031
3 0060 0164 1908
3 0060 0436 1908
3 0164 0436 1908
3 0060 0340 1397
3 0060 1093 1397
3 0340 1093 1397
3 0036 0067 0088
3 0060 0325 0479
3 0060 0088 0177
3 0018 0479 0621
3 0067 0418 0439
3 0060 0362 0377
3 0060 0362 0378
3 0362 0377 0378
3 0060 0545 0628
3 0060 0967 2042
3 0060 0067 0378
3 0000 0060 0479
3 0018 0481 0621
3 0060 0067 0196
3 0000 0479 0544
3 0479 0481 0544
3 0088 0450 0686
3 0088 0686 2229
3 0067 0117 1129
3 0036 0067 0416
3 0067 0416 0628
3 0060 0062 0573
3 0060 0479 0628
3 0018 0060 0088
3 0060 0580 2026
3 0590 0591 2928
3 0036 0416 0627 0628
3 0000 0067 0418 0726
3 0036 0060 0655 3182
3 0064 0067 0755 2665
3 0064 0067 0755 3598
3 0064 0067 2665 3598
3 0064 0755 2665 3598
3 0067 0755 2665 3598
3 0060 0327 0328 0838
3 0060 0327 0756 0838
3 0060 0327 0838 1129
3 0060 0328 0756 0838
3 0060 0328 0838 1129
3 0060 0756 0838 1129
3 0327 0328 0756 0838
3 0327 0328 0838 1129
3 0327 0756 0838 1129
3 0328 0756 0838 1129
3 0018 0479 2848 3647
3 0036 0416 0628 0967
3 0018 0164 0436 0479
3 0060 0164 0436 0479
3 0018 0036 0479 1261
3 0018 0060 0479 4126
3 0067 0299 0628 1026
3 0067 0299 0628 3598
3 0067 0299 1026 3598
3 0067 0628 1026 3598
3 0299 0628 1026 3598
3 0134 0323 0439 0967
3 0067 0258 0621 0718
3 0067 0083 1025 6031
3 0060 0164 0436 1908
3 0060 0340 1093 1397
3 0060 0362 0377 0378
3 0067 0117 1129 1975
3 0036 0067 0416 0628
3 0036 0060 0479 0628
3 0064 0067 0755 2665 3598
3 0060 0327 0328 0756 0838
3 0060 0327 0328 0838 1129
3 0060 0327 0756 0838 1129
3 0060 0328 0756 0838 1129
3 0327 0328 0756 0838 1129
3 0067 0299 0628 1026 3598
3 0060 0327 0328 0756 0838 1129