2517 0025
2046 0006
1658 0248
1226 0084
1110 0387
951 0374
869 0181
802 0473
712 0003
564 0481
330 0288
224 0326
212 0006 0326
205 0082
183 0764
178 0006 0025
177 0488
175 0084 0387
163 0025 0248
161 0838
157 0025 0181
156 0832
152 0722
150 0610
147 0248 0473
144 0325
137 0784
133 0006 0288
130 0967
127 0374 0722
125 0387 0764
121 0021
119 0025 0084
117 0188
117 0082 0084
116 0678
115 0248 0832
113 1201
112 0006 0248
108 0104
107 0034
107 0084 0784
106 0134
104 0748
103 0006 0374
102 0181 0248
102 0025 0387
99 0056
98 0193
98 0946
98 1076
97 0003 0025
96 0339
93 0374 0838
89 0051
89 0025 0610
88 1261
87 0205
86 0191
85 0025 0374
84 0025 0481
83 0156
81 0424
80 0678 0967
78 0006 0967
78 0006 0946
76 0453
74 0006 0838
72 0308
71 0195
71 0374 1076
71 0181 0481
70 0247
70 0387 0473
69 0025 0488
68 0150
68 0164
68 0394
68 0387 0488
67 0310
66 0040
65 0084 0308
65 0034 0387
64 0661
64 0767
62 0045
62 0336
62 0376
62 0499
62 0559
62 0006 0021
61 0009
60 0370
60 0436
60 0490
60 0619
59 0568
59 0875
59 1789
59 0025 0473
58 0462
58 1010
56 0084 0481
55 1044
55 0003 0006
55 0006 0678
54 0752
54 1136
54 0248 0387
53 0496
53 0006 0056
52 0043
52 0543
52 0006 0084
52 0181 0325
51 0039
51 0879
51 0985
51 0051 0387
50 0355
50 0006 0473
50 0248 0374
50 0006 0678 0967
49 0443
49 0706
49 0006 0156
49 0248 1201
48 2140
48 0006 0247
48 0248 0619
47 0973
47 2238
47 0006 0387
46 0273
46 0617
46 0701
46 2042
46 0248 0310
46 0021 0025
45 0244
45 0285
45 0395
45 0786
45 0829
45 1836
45 0181 0473
45 0006 0374 0838
44 0011
44 0272
43 0194
43 0340
43 0830
43 0084 0188
43 0006 0134
42 0686
42 0851
42 1051
42 2181
42 0084 0610
42 0025 0191
41 1049
41 1129
41 3221
41 0288 0436
41 0025 0985
41 0006 0453
40 0036
40 0250
40 0811
40 0387 0748
39 0204
39 0532
39 0721
39 2074
39 0164 0436
39 0003 0473
39 0006 0205
39 0006 1261
38 0240
38 1057
38 0496 1836
37 0590
37 1102
37 1183
37 0374 0462
37 0025 0875
37 0374 0473
36 0412
36 0560
36 1585
36 1908
36 2218
36 0003 0387
36 0084 0764
36 0025 0661
35 0573
35 1029
35 1101
35 0003 0181
35 0025 0188
35 0084 2140
34 0027
34 0498
34 0625
34 1115
34 0006 0339
33 0286
33 1393
33 0025 0339
33 0188 0387
33 0191 0767
33 0006 0424
32 0064
32 0096
32 0495
32 0867
32 1083
32 4109
32 0006 0811
32 0387 0701
31 0192
31 0487
31 0006 0150
31 0006 0325
31 0025 0559
31 0034 0084
31 0006 1010
31 0084 0387 0764
30 0266
30 0315
30 1043
30 1451
30 1919
30 2478
30 0025 0247
30 0387 0481
30 0164 0288
30 0181 0875
30 0025 0767
30 0006 1115
30 0025 0325
30 0164 0288 0436
29 0141
29 0258
29 0351
29 0492
29 0541
29 0602
29 0889
29 0025 0205
29 0374 0851
29 0473 0481
29 0006 2042
29 0025 0370
29 0248 0752
29 0006 0543
28 0030
28 0089
28 0306
28 0373
28 0379
28 0406
28 0470
28 0642
28 0679
28 1175
28 1248
28 1374
28 0387 0496
28 0025 0164
28 0084 0181
28 0025 0082
28 0084 0473
28 0025 1789
28 0034 0084 0387
27 0050
27 0097
27 0276
27 0524
27 0587
27 0728
27 0747
27 1071
27 1650
27 1682
27 0025 0376
27 0006 0195
27 0006 0973
27 0025 1261
27 0104 0387
26 0233
26 0293
26 0576
26 0708
26 0754
26 1127
26 1824
26 0374 0387
26 0025 0039
26 0181 0967
26 0006 0985
26 0006 0394
26 0025 0288
26 0025 0036
26 0084 0285
26 0473 0830
25 0183
25 0393
25 0415
25 0621
25 0656
25 0729
25 0760
25 0893
25 0913
25 1983
25 2638
25 0181 0273
25 0025 1201
25 0285 2140
25 0006 0748
25 0084 0285 2140
24 0353
24 0501
24 1163
24 1671
24 1810
24 2394
24 0006 0272
24 0006 0722
24 0006 0011
24 0025 0499
24 0025 2181
24 0006 1044
24 0025 0838
24 0006 1129
24 0006 0181
23 0346
23 0409
23 0591
23 0676
23 0804
23 0961
23 1120
23 1512
23 2070
23 2834
23 4180
23 0006 0193
23 0025 0056
23 0025 0156
23 0006 1136
23 0248 0288
23 0248 0617
23 0025 0722
23 0181 0387
23 0025 0195
23 0006 0104
23 0025 0181 0248
22 0162
22 0187
22 0282
22 0467
22 0655
22 1495
22 0082 0141
22 0006 0244
22 0006 0481
22 0025 0150
22 0025 2218
22 0025 1183
22 0006 1393
22 0248 0424
22 0025 0104
22 0006 0025 0985
22 0025 0374 0722
21 0115
21 0136
21 0269
21 0457
21 0478
21 0677
21 0782
21 0815
21 0978
21 1012
21 1022
21 1094
21 1167
21 1314
21 2194
21 3017
21 0084 0141
21 0248 0481
21 0084 0376
21 0248 0838
21 0006 0336
21 0006 0009
21 0082 0084 0141
21 0025 0181 0875
21 0025 0191 0767
20 0368
20 0378
20 0489
20 0544
20 0645
20 0746
20 0828
20 0909
20 1144
20 1196
20 1232
20 1880
20 2072
20 2885
20 3339
20 0084 0374
20 0181 0678
20 0248 0336
20 0006 0164
20 0009 0025
20 0193 0248
20 0248 1049
20 0009 1393
20 0193 0387
20 0248 0326
20 0084 0193
20 0387 1836
20 0025 0764
20 0181 2238
20 0248 2638
20 0248 1175
20 0387 0496 1836
19 0001
19 0032
19 0065
19 0086
19 0324
19 0435
19 0497
19 0726
19 0950
19 1151
19 1195
19 1758
19 2665
19 2809
19 0003 0481
19 0025 0686
19 0084 0240
19 0036 0084
19 0395 0481
19 0006 0436
19 0006 0043
19 0006 0030
19 0025 0748
19 0025 0193
19 0006 1908
19 0025 0786
19 0084 0104
19 0003 0248
19 0248 0339
19 0056 0248
19 0181 1201
19 0473 0488
19 0006 0025 0247
19 0181 0678 0967
18 0035
18 0062
18 0116
18 0140
18 0155
18 0261
18 0554
18 1026
18 1086
18 1093
18 1219
18 1259
18 1379
18 1603
18 1815
18 2026
18 2848
18 2925
18 0006 0409
18 0084 0248
18 0025 0701
18 0025 0728
18 0374 0748
18 0025 0045
18 0006 0051
18 0195 0387
18 0006 1057
18 0006 0188
18 0387 1201
18 0248 1051
18 0473 0568
18 0387 2074
18 0248 0325
18 0025 0532
18 0248 0394
18 0374 1682
18 0025 0258
18 0025 0040
18 0006 0355
18 0104 0248
18 0134 0181
18 0248 1650
18 0248 2834
17 0037
17 0215
17 0260
17 0357
17 0416
17 0522
17 0539
17 0596
17 0878
17 0955
17 1033
17 1383
17 1666
17 1851
17 1936
17 1995
17 2120
17 2770
17 0034 0181
17 0025 0602
17 0025 0194
17 0025 0490
17 0025 0453
17 0006 0194
17 0325 0387
17 0006 0045
17 0006 0559
17 0025 0879
17 0006 1314
17 0025 0326
17 0006 2394
17 0374 1129
17 0181 1101
17 0025 0310
17 0248 0642
17 0006 0832
17 0248 0748
17 0084 0443
17 0248 2478
17 0006 4109
17 0619 0832
17 0006 0374 0722
17 0084 0188 0387
17 0006 0009 1393
17 0006 0248 0326
17 0025 0084 0387
17 0248 0619 0832
16 0008
16 0029
16 0100
16 0120
16 0294
16 0337
16 0491
16 0618
16 0731
16 0816
16 0880
16 0944
16 1263
16 1448
16 1885
16 1901
16 1950
16 1975
16 2239
16 3584
16 0025 0134
16 0025 0541
16 0181 0488
16 0003 0084
16 0025 0250
16 0045 0248
16 0025 0946
16 0025 0336
16 0497 0893
16 0084 2074
16 0192 0193
16 0181 0661
16 0248 0499
16 0248 3221
16 0084 0325
16 0181 0355
16 0248 0661
16 0025 0496
16 0181 0374
16 0025 0181 0481
15 0020
15 0042
15 0085
15 0167
15 0464
15 0870
15 0919
15 0929
15 0969
15 1040
15 1143
15 1358
15 1397
15 1529
15 1809
15 2112
15 2130
15 2202
15 2381
15 2544
15 2666
15 2674
15 2749
15 2817
15 3154
15 4267
15 0025 0050
15 0039 0084
15 0025 0436
15 0003 0374
15 0006 0310
15 0006 0040
15 0488 1183
15 0025 1010
15 0481 0488
15 0248 1919
15 0051 0248
15 0009 0248
15 0006 0679
15 0056 0326
15 0084 1076
15 0006 0032
15 0045 0387
15 0084 2885
15 0248 1083
15 0040 0181
15 0248 1232
15 0104 0481
15 0006 0164 0436
15 0006 0025 0326
15 0006 0056 0326
14 0057
14 0078
14 0147
14 0200
14 0203
14 0270
14 0385
14 0408
14 0437
14 0468
14 0547
14 0566
14 0593
14 0623
14 0626
14 0718
14 0749
14 0780
14 0818
14 1148
14 1192
14 1382
14 1450
14 1514
14 1582
14 1796
14 1854
14 2404
14 2843
14 3016
14 0084 0412
14 0084 0686
14 0006 0027
14 0025 0893
14 0025 0416
14 0025 0276
14 0006 0488
14 0134 0387
14 0006 0064
14 0025 1248
14 0248 0273
14 0025 0678
14 0191 0248
14 0025 0462
14 0387 0610
14 0006 2072
14 0248 1044
14 0473 0832
14 0006 1102
14 0003 0336
14 0006 0340
14 0025 0829
14 0006 3221
14 0006 1824
14 0006 1789
14 0247 0453
14 0828 0829
14 0248 0488
14 0248 2218
14 0181 0706
14 0006 2749
14 0003 1201
14 0248 0576
14 0248 1261
14 0006 0025 0248
14 0006 0288 0436
14 0025 0374 0838
14 0006 0247 0453
14 0387 0473 0488
13 0092
13 0099
13 0127
13 0153
13 0226
13 0296
13 0461
13 0508
13 0514
13 0761
13 0914
13 0916
13 1064
13 1423
13 1500
13 1504
13 1521
13 1533
13 1992
13 2528
13 2931
13 3620
13 4496
13 0006 0324
13 0373 0374
13 0025 0576
13 0006 0370
13 0006 0351
13 0006 0233
13 0006 0285
13 0025 0051
13 0006 0752
13 0034 0248
13 0025 0729
13 0435 1044
13 0003 1261
13 0006 1201
13 0025 0721
13 0306 0374
13 0006 3017
13 0025 0034
13 0025 0424
13 0006 1585
13 0025 0784
13 0040 0248
13 0025 1836
13 0181 0339
13 0006 3339
13 0387 0767
13 0374 0481
13 0248 0496
13 0248 1836
13 0181 0394
13 0084 1810
13 0543 0838
13 0248 1880
12 0108
12 0158
12 0242
12 0347
12 0381
12 0405
12 0429
12 0430
12 0483
12 0666
12 0673
12 0683
12 0693
12 0792
12 0813
12 0917
12 0987
12 1008
12 1100
12 1473
12 1556
12 1639
12 1645
12 1942
12 1951
12 2049
12 2100
12 2235
12 3174
12 3437
12 3606
12 4125
12 0269 0270
12 0025 0027
12 0003 0488
12 0025 0244
12 0025 0706
12 0025 0625
12 0006 1040
12 0248 1136
12 0336 1136
12 0025 0116
12 0025 0096
12 0025 0524
12 0025 0568
12 0204 0481
12 0011 0025
12 0025 1043
12 0006 0706
12 0006 0269
12 0056 0832
12 0025 0867
12 0355 1789
12 0084 0490
12 0006 1144
12 0025 0587
12 0025 2238
12 0248 0706
12 0006 2848
12 0084 0488
12 0025 0395
12 0025 0543
12 0181 0832
12 0084 0870
12 0025 0492
12 0248 1196
12 0134 0248
12 0084 0747
12 0006 0164 0288
12 0181 0248 0473
12 0025 0387 0488
12 0025 0496 1836
12 0006 0164 0288 0436
11 0350
11 0421
11 0471
11 0480
11 0681
11 0743
11 0846
11 0859
11 0860
11 0921
11 0940
11 0982
11 0994
11 0996
11 1023
11 1047
11 1069
11 1088
11 1159
11 1204
11 1313
11 1353
11 1373
11 1531
11 1532
11 1537
11 1573
11 1633
11 1644
11 2028
11 2096
11 2274
11 2568
11 2570
11 4931
11 0325 0326
11 0084 0470
11 0387 0462
11 0025 0851
11 0248 0370
11 0025 0187
11 0025 1076
11 0006 0086
11 0025 0913
11 0025 1671
11 0025 1094
11 0248 0453
11 0481 0678
11 0191 0473
11 0025 0415
11 0025 0497
11 0610 0728
11 0374 0610
11 0003 0487
11 0003 0879
11 0248 0568
11 0325 0374
11 0025 0233
11 0193 1136
11 0339 0374
11 0025 0393
11 0084 3620
11 0248 1789
11 0003 0288
11 0006 0039
11 0006 0490
11 0025 0919
11 0248 0495
11 0025 0115
11 0006 0136
11 0387 0784
11 0590 0591
11 0003 0678
11 0181 2042
11 0248 0272
11 0025 1219
11 0387 0590
11 0025 0621
11 0006 1143
11 0006 0645
11 0006 2770
11 0104 0181
11 0082 2181
11 0025 0522
11 0084 1379
11 0006 0325 0326
11 0006 0025 0374
11 0248 0374 0838
11 0025 0610 0728
11 0006 0374 1129
11 0025 0084 0784
11 0025 0387 0764
11 0025 0181 0325
10 0230
10 0278
10 0362
10 0410
10 0444
10 0500
10 0502
10 0509
10 0552
10 0620
10 0705
10 0802
10 0887
10 0974
10 1090
10 1216
10 1279
10 1293
10 1424
10 1467
10 1564
10 1620
10 1647
10 1699
10 1771
10 1773
10 1924
10 1940
10 1970
10 2173
10 2393
10 2434
10 2970
10 4121
10 5481
10 6986
10 0025 0085
10 0006 0050
10 0084 0406
10 0481 0610
10 0325 0481
10 0473 0916
10 0025 0832
10 0043 0387
10 0025 0969
10 0006 0721
10 0064 0387
10 0248 0879
10 0025 0754
10 0006 1473
10 0025 0030
10 0025 0042
10 0006 0573
10 0025 0617
10 0084 0487
10 0096 0248
10 0181 0568
10 0025 0560
10 0025 0192
10 0025 1983
10 0025 0443
10 0084 0462
10 0025 2194
10 0025 2070
10 0082 0374
10 0084 1983
10 0025 1163
10 0006 0913
10 0025 0406
10 0006 1451
10 0387 0829
10 0473 0838
10 0248 1148
10 0374 1102
10 0003 0164
10 0006 0034
10 0025 0062
10 0006 0258
10 0387 0573
10 0006 0270
10 0205 0387
10 0248 1448
10 0248 0655
10 0326 0832
10 0006 0276
10 0045 0473
10 0025 3221
10 0370 2666
10 0006 0829
10 0006 1101
10 0006 1083
10 0025 0967
10 0056 0104
10 0387 1076
10 0025 0590
10 0481 0590
10 0006 2238
10 0084 0767
10 0006 0492
10 0006 4125
10 0025 1029
10 0025 0272
10 0006 0499
10 0248 1029
10 0326 2749
10 0025 1083
10 0006 0204
10 0248 0492
10 0006 0568
10 0181 1261
10 0374 0679
10 0006 2665
10 0248 0340
10 0374 0543
10 0134 0473
10 0181 0188
10 0084 0339
10 0248 1970
10 0248 2130
10 0084 0726
10 0084 4121
10 0006 0248 0838
10 0025 0497 0893
10 0025 0488 1183
10 0006 0021 0025
10 0248 0496 1836
10 0006 0326 2749
10 0025 0082 0084
9 0007
9 0044
9 0046
9 0087
9 0251
9 0252
9 0342
9 0367
9 0411
9 0427
9 0486
9 0635
9 0694
9 0717
9 0776
9 0817
9 0908
9 1048
9 1072
9 1264
9 1330
9 1474
9 1630
9 1774
9 1794
9 1833
9 1911
9 1954
9 2098
9 2151
9 2303
9 2422
9 2509
9 2659
9 2671
9 2755
9 3139
9 3143
9 3168
9 3426
9 3429
9 3736
9 3785
9 4115
9 4464
9 4900
9 5060
9 5274
9 9061
9 9063
9 9343
9 0003 0326
9 0035 0084
9 0084 0508
9 0340 0374
9 0429 0430
9 0006 1094
9 0248 0315
9 0387 1051
9 0025 1204
9 0006 1603
9 0006 0443
9 0006 0089
9 0025 0676
9 0025 0308
9 0248 0967
9 0025 0412
9 0084 0893
9 0025 1051
9 0025 0183
9 0084 0467
9 0025 0351
9 0025 0065
9 0025 0889
9 0025 1666
9 0025 0340
9 0025 0944
9 0006 0435
9 0025 0097
9 0006 0065
9 0310 0374
9 0025 0760
9 0248 0760
9 0326 1115
9 0025 0282
9 0025 2925
9 0387 0752
9 0025 0987
9 0025 1129
9 0387 1057
9 0084 1666
9 0387 1136
9 0003 0043
9 0374 3429
9 0025 0286
9 0150 0387
9 0006 0495
9 0006 2381
9 0025 0573
9 0248 0355
9 0006 0036
9 0025 0626
9 0025 2112
9 0025 0909
9 0266 0374
9 0040 0473
9 0006 4496
9 0025 0950
9 0025 1071
9 0387 0568
9 0021 0181
9 0294 0387
9 0021 0248
9 0006 1374
9 0025 1495
9 0006 4180
9 0003 0838
9 0374 0642
9 0481 0568
9 0374 2817
9 0025 0306
9 0164 0248
9 0006 0470
9 0288 1261
9 0248 0678
9 0181 0559
9 0181 0786
9 0084 0532
9 0181 0879
9 0003 0006 0326
9 0006 0084 0387
9 0025 0181 0473
9 0025 0288 0436
9 0006 0326 1115
9 0025 0036 0084
9 0006 0056 0832
9 0006 0326 0832
9 0034 0181 0387
9 0006 0025 0967
9 0025 0678 0967
9 0025 0082 2181
9 0374 0543 0838
9 0181 0248 1201
8 0094
8 0161
8 0189
8 0227
8 0356
8 0380
8 0432
8 0503
8 0515
8 0518
8 0557
8 0564
8 0570
8 0579
8 0581
8 0649
8 0669
8 0734
8 0874
8 0891
8 0912
8 0947
8 0991
8 0995
8 1041
8 1050
8 1191
8 1223
8 1301
8 1316
8 1335
8 1345
8 1347
8 1372
8 1402
8 1452
8 1561
8 1570
8 1590
8 1622
8 1638
8 1657
8 1673
8 1727
8 1754
8 2015
8 2064
8 2329
8 2372
8 2475
8 2524
8 2572
8 2624
8 2645
8 2738
8 2757
8 2836
8 3041
8 3181
8 3312
8 3546
8 3741
8 3922
8 4114
8 4136
8 4238
8 4399
8 4664
8 4784
8 5087
8 5859
8 6117
8 6141
8 6639
8 8454
8 9986
8 0025 0086
8 0247 0248
8 0248 0306
8 0003 0325
8 0025 0378
8 0084 0288
8 0387 0495
8 0025 0078
8 0025 0708
8 0084 0625
8 0025 0655
8 0374 1051
8 0084 0889
8 0006 0718
8 0043 0248
8 0006 1195
8 0006 0879
8 0248 1050
8 0205 1012
8 0025 0285
8 0006 1008
8 0351 0374
8 0374 0470
8 0006 0356
8 0006 0408
8 0006 1026
8 0006 1639
8 0006 1758
8 0025 1500
8 0035 0387
8 0084 0134
8 0025 0379
8 0325 0473
8 0248 0875
8 0481 0889
8 0006 0909
8 0025 0830
8 0025 0996
8 0006 1248
8 0187 0248
8 0006 0677
8 0248 1495
8 0006 0337
8 0006 1022
8 0248 0490
8 0034 0815
8 0025 0140
8 0248 0679
8 0025 0043
8 0056 0370
8 0310 0387
8 0006 1151
8 0194 0248
8 0394 0473
8 0006 0539
8 0240 0248
8 0205 0248
8 0006 0278
8 0722 3429
8 0006 1163
8 0006 0286
8 0011 0286
8 0082 0462
8 0025 0204
8 0387 1010
8 0001 0006
8 0025 0362
8 0003 1136
8 0006 3584
8 0326 0473
8 0003 0051
8 0084 0587
8 0025 0162
8 0006 0162
8 0025 2666
8 0006 2049
8 0248 0786
8 0025 0498
8 0181 0784
8 0181 0761
8 0025 0315
8 0034 0104
8 0134 0678
8 0134 0967
8 0355 0387
8 0025 1531
8 0006 1995
8 0084 0353
8 0084 2026
8 0025 1851
8 0025 1924
8 0084 0260
8 0376 0481
8 0034 0764
8 0084 0286
8 0025 1585
8 0181 0315
8 0006 1512
8 0006 0867
8 0025 0293
8 0006 0250
8 0326 2770
8 0025 0811
8 0006 0914
8 0473 0701
8 0084 0250
8 0181 1585
8 0679 0838
8 0025 0761
8 0006 0346
8 0006 3154
8 0248 1374
8 0248 0436
8 0248 1071
8 0248 0767
8 0248 0721
8 0084 0373
8 0564 5060
8 0387 1044
8 0025 1582
8 0084 1086
8 0764 0784
8 0084 0878
8 0248 0978
8 9061 9063
8 0084 0424
8 0248 2809
8 0374 9343
8 0832 1650
8 0248 9061
8 0374 0387 0462
8 0025 0374 1076
8 0025 0248 0374
8 0025 0084 0308
8 0025 0374 0462
8 0025 0164 0436
8 0025 0387 0610
8 0084 0374 1076
8 0003 0006 0025
8 0006 0269 0270
8 0374 0722 3429
8 0006 0326 0473
8 0084 0181 0784
8 0006 0025 0678
8 0134 0678 0967
8 0006 0025 0946
8 0034 0387 0764
8 0006 0326 2770
8 0025 0248 0310
8 0387 0473 0701
8 0374 0679 0838
8 0006 0374 0473
8 0006 0374 0679
8 0248 0832 1650
8 0006 0025 0678 0967
7 0017
7 0053
7 0123
7 0135
7 0151
7 0168
7 0186
7 0267
7 0268
7 0274
7 0335
7 0354
7 0369
7 0404
7 0431
7 0527
7 0542
7 0742
7 0873
7 0881
7 0956
7 0979
7 1003
7 1025
7 1125
7 1146
7 12173
7 12174
7 12175
7 12178
7 1218
7 1242
7 1282
7 1371
7 1395
7 1406
7 1457
7 1571
7 1592
7 1674
7 1734
7 1777
7 1822
7 1834
7 1835
7 1978
7 1990
7 2031
7 2071
7 2117
7 2145
7 2219
7 2445
7 2593
7 2623
7 2773
7 2798
7 2922
7 2954
7 3052
7 3515
7 3622
7 3647
7 3750
7 3867
7 3880
7 4062
7 4164
7 4212
7 4285
7 4358
7 4461
7 4728
7 5345
7 8265
7 9034
7 9242
7 0025 0266
7 0025 0268
7 0084 0092
7 0387 0483
7 0084 0566
7 0025 0240
7 0003 0370
7 0003 0748
7 0481 0524
7 0006 0544
7 0084 0266
7 0025 0878
7 0025 0368
7 0006 0478
7 0150 0374
7 0025 0215
7 0215 0248
7 0339 0387
7 0006 1183
7 0973 1216
7 0006 0082
7 0387 1592
7 0374 1026
7 0025 0394
7 0387 1809
7 0481 0625
7 0188 0308
7 0084 1093
7 0248 0266
7 0387 0625
7 0025 0501
7 0025 1810
7 0006 0379
7 0181 0244
7 0181 0453
7 0374 1043
7 0084 0919
7 0250 0387
7 0204 0678
7 0181 0596
7 0003 0524
7 0248 0258
7 0473 0851
7 0025 2528
7 0248 2528
7 0025 0029
7 0248 0722
7 0006 0593
7 0006 0029
7 0387 0815
7 0006 1051
7 0473 0721
7 0006 0673
7 0006 1127
7 0706 1620
7 0007 0025
7 0248 2931
7 0134 0374
7 0340 1093
7 0032 0326
7 0134 1261
7 0003 0568
7 0006 0532
7 0011 0248
7 0025 0973
7 0025 0554
7 0006 1936
7 0248 0973
7 0025 0294
7 0084 0559
7 0387 0754
7 0025 1102
7 0006 1316
7 0374 2394
7 0205 0473
7 0025 1512
7 0248 1450
7 0025 0357
7 0326 0838
7 0181 1127
7 0473 0748
7 0248 2674
7 0443 0473
7 0025 1374
7 0181 1374
7 0374 0424
7 0039 0082
7 0006 0230
7 0387 0499
7 0040 0374
7 0326 1057
7 0006 0226
7 0025 0489
7 0084 1824
7 0084 0195
7 0084 0127
7 0387 0879
7 0025 2074
7 0473 0498
7 0498 4109
7 0473 1936
7 0084 0754
7 0610 0784
7 0387 1983
7 0006 0191
7 0191 0339
7 0025 1451
7 0387 0412
7 0181 1789
7 0387 1012
7 0025 0591
7 0025 1167
7 0025 0619
7 0003 0867
7 0248 1754
7 0006 2100
7 0387 0430
7 0084 0497
7 0188 0481
7 0181 0764
7 0181 0560
7 0025 0500
7 0025 0780
7 0084 1358
7 0025 0502
7 0181 0395
7 0387 0532
7 0006 3741
7 0006 1029
7 0706 0832
7 0288 0473
7 0025 3584
7 0025 1650
7 0025 0355
7 0248 4464
7 0003 0722
7 0025 1044
7 0248 0435
7 0181 0195
7 0394 0481
7 0084 5345
7 0040 0084
7 0473 0764
7 0025 2843
7 0181 3221
7 0003 0967
7 0248 0498
7 1773 1774
7 0003 0875
7 0248 0346
7 0006 0955
7 0003 0436
7 0248 1167
7 0248 0656
7 0099 0248
7 0248 6141
7 0006 0786
7 0248 1263
7 0387 0747
7 0248 0645
7 0036 0039
7 0084 0205
7 0084 1682
7 0181 0193
7 0374 0832
7 0248 2238
7 0473 4136
7 0830 4136
7 0084 0560
7 0387 0489
7 1044 9034
7 0188 0764
7 0717 2181
7 0248 3785
7 0248 1100
7 0248 12173
7 0248 12174
7 0248 12175
7 0248 12178
7 0248 9063
7 0248 9242
7 1100 12173
7 1100 12174
7 1100 12175
7 1100 12178
7 1100 9061
7 1100 9063
7 1100 9242
7 12173 12174
7 12173 12175
7 12173 12178
7 12174 12175
7 12174 12178
7 12175 12178
7 9061 12173
7 9061 12174
7 9061 12175
7 9061 12178
7 9061 9242
7 9063 12173
7 9063 12174
7 9063 12175
7 9063 12178
7 9063 9242
7 9242 12173
7 9242 12174
7 9242 12175
7 9242 12178
7 0025 0181 0488
7 0006 0248 0310
7 0006 0025 0387
7 0006 0248 0374
7 0006 0082 0084
7 0025 0084 0188
7 0084 0188 0308
7 0181 0248 0273
7 0084 0387 2074
7 0025 0164 0288
7 0051 0248 0387
7 0006 0435 1044
7 0025 0248 0387
7 0006 0326 0838
7 0056 0326 0832
7 0006 0326 1057
7 0084 0104 0387
7 0084 0610 0784
7 0181 0248 0325
7 0034 0104 0387
7 0025 0248 0661
7 0084 0497 0893
7 0084 0387 0767
7 0025 0084 0181
7 0006 0181 0967
7 0025 0248 1201
7 0003 0025 0181
7 0006 0056 0104
7 0164 0248 0288
7 0164 0248 0436
7 0248 0288 0436
7 0191 0248 0767
7 0006 0473 0838
7 0006 0679 0838
7 0025 0248 0473
7 0025 0181 1201
7 0473 0830 4136
7 0188 0387 0764
7 0248 1100 12173
7 0248 1100 12174
7 0248 1100 12175
7 0248 1100 12178
7 0248 1100 9061
7 0248 1100 9063
7 0248 1100 9242
7 0248 12173 12174
7 0248 12173 12175
7 0248 12173 12178
7 0248 12174 12175
7 0248 12174 12178
7 0248 12175 12178
7 0248 9061 12173
7 0248 9061 12174
7 0248 9061 12175
7 0248 9061 12178
7 0248 9061 9063
7 0248 9061 9242
7 0248 9063 12173
7 0248 9063 12174
7 0248 9063 12175
7 0248 9063 12178
7 0248 9063 9242
7 0248 9242 12173
7 0248 9242 12174
7 0248 9242 12175
7 0248 9242 12178
7 1100 12173 12174
7 1100 12173 12175
7 1100 12173 12178
7 1100 12174 12175
7 1100 12174 12178
7 1100 12175 12178
7 1100 9061 12173
7 1100 9061 12174
7 1100 9061 12175
7 1100 9061 12178
7 1100 9061 9063
7 1100 9061 9242
7 1100 9063 12173
7 1100 9063 12174
7 1100 9063 12175
7 1100 9063 12178
7 1100 9063 9242
7 1100 9242 12173
7 1100 9242 12174
7 1100 9242 12175
7 1100 9242 12178
7 12173 12174 12175
7 12173 12174 12178
7 12173 12175 12178
7 12174 12175 12178
7 9061 12173 12174
7 9061 12173 12175
7 9061 12173 12178
7 9061 12174 12175
7 9061 12174 12178
7 9061 12175 12178
7 9061 9063 12173
7 9061 9063 12174
7 9061 9063 12175
7 9061 9063 12178
7 9061 9063 9242
7 9061 9242 12173
7 9061 9242 12174
7 9061 9242 12175
7 9061 9242 12178
7 9063 12173 12174
7 9063 12173 12175
7 9063 12173 12178
7 9063 12174 12175
7 9063 12174 12178
7 9063 12175 12178
7 9063 9242 12173
7 9063 9242 12174
7 9063 9242 12175
7 9063 9242 12178
7 9242 12173 12174
7 9242 12173 12175
7 9242 12173 12178
7 9242 12174 12175
7 9242 12174 12178
7 9242 12175 12178
7 0006 0248 0374 0838
7 0025 0164 0288 0436
7 0006 0056 0326 0832
7 0164 0248 0288 0436
7 0006 0374 0679 0838
7 0248 1100 12173 12174
7 0248 1100 12173 12175
7 0248 1100 12173 12178
7 0248 1100 12174 12175
7 0248 1100 12174 12178
7 0248 1100 12175 12178
7 0248 1100 9061 12173
7 0248 1100 9061 12174
7 0248 1100 9061 12175
7 0248 1100 9061 12178
7 0248 1100 9061 9063
7 0248 1100 9061 9242
7 0248 1100 9063 12173
7 0248 1100 9063 12174
7 0248 1100 9063 12175
7 0248 1100 9063 12178
7 0248 1100 9063 9242
7 0248 1100 9242 12173
7 0248 1100 9242 12174
7 0248 1100 9242 12175
7 0248 1100 9242 12178
7 0248 12173 12174 12175
7 0248 12173 12174 12178
7 0248 12173 12175 12178
7 0248 12174 12175 12178
7 0248 9061 12173 12174
7 0248 9061 12173 12175
7 0248 9061 12173 12178
7 0248 9061 12174 12175
7 0248 9061 12174 12178
7 0248 9061 12175 12178
7 0248 9061 9063 12173
7 0248 9061 9063 12174
7 0248 9061 9063 12175
7 0248 9061 9063 12178
7 0248 9061 9063 9242
7 0248 9061 9242 12173
7 0248 9061 9242 12174
7 0248 9061 9242 12175
7 0248 9061 9242 12178
7 0248 9063 12173 12174
7 0248 9063 12173 12175
7 0248 9063 12173 12178
7 0248 9063 12174 12175
7 0248 9063 12174 12178
7 0248 9063 12175 12178
7 0248 9063 9242 12173
7 0248 9063 9242 12174
7 0248 9063 9242 12175
7 0248 9063 9242 12178
7 0248 9242 12173 12174
7 0248 9242 12173 12175
7 0248 9242 12173 12178
7 0248 9242 12174 12175
7 0248 9242 12174 12178
7 0248 9242 12175 12178
7 1100 12173 12174 12175
7 1100 12173 12174 12178
7 1100 12173 12175 12178
7 1100 12174 12175 12178
7 1100 9061 12173 12174
7 1100 9061 12173 12175
7 1100 9061 12173 12178
7 1100 9061 12174 12175
7 1100 9061 12174 12178
7 1100 9061 12175 12178
7 1100 9061 9063 12173
7 1100 9061 9063 12174
7 1100 9061 9063 12175
7 1100 9061 9063 12178
7 1100 9061 9063 9242
7 1100 9061 9242 12173
7 1100 9061 9242 12174
7 1100 9061 9242 12175
7 1100 9061 9242 12178
7 1100 9063 12173 12174
7 1100 9063 12173 12175
7 1100 9063 12173 12178
7 1100 9063 12174 12175
7 1100 9063 12174 12178
7 1100 9063 12175 12178
7 1100 9063 9242 12173
7 1100 9063 9242 12174
7 1100 9063 9242 12175
7 1100 9063 9242 12178
7 1100 9242 12173 12174
7 1100 9242 12173 12175
7 1100 9242 12173 12178
7 1100 9242 12174 12175
7 1100 9242 12174 12178
7 1100 9242 12175 12178
7 12173 12174 12175 12178
7 9061 12173 12174 12175
7 9061 12173 12174 12178
7 9061 12173 12175 12178
7 9061 12174 12175 12178
7 9061 9063 12173 12174
7 9061 9063 12173 12175
7 9061 9063 12173 12178
7 9061 9063 12174 12175
7 9061 9063 12174 12178
7 9061 9063 12175 12178
7 9061 9063 9242 12173
7 9061 9063 9242 12174
7 9061 9063 9242 12175
7 9061 9063 9242 12178
7 9061 9242 12173 12174
7 9061 9242 12173 12175
7 9061 9242 12173 12178
7 9061 9242 12174 12175
7 9061 9242 12174 12178
7 9061 9242 12175 12178
7 9063 12173 12174 12175
7 9063 12173 12174 12178
7 9063 12173 12175 12178
7 9063 12174 12175 12178
7 9063 9242 12173 12174
7 9063 9242 12173 12175
7 9063 9242 12173 12178
7 9063 9242 12174 12175
7 9063 9242 12174 12178
7 9063 9242 12175 12178
7 9242 12173 12174 12175
7 9242 12173 12174 12178
7 9242 12173 12175 12178
7 9242 12174 12175 12178
7 0248 1100 12173 12174 12175
7 0248 1100 12173 12174 12178
7 0248 1100 12173 12175 12178
7 0248 1100 12174 12175 12178
7 0248 1100 9061 12173 12174
7 0248 1100 9061 12173 12175
7 0248 1100 9061 12173 12178
7 0248 1100 9061 12174 12175
7 0248 1100 9061 12174 12178
7 0248 1100 9061 12175 12178
7 0248 1100 9061 9063 12173
7 0248 1100 9061 9063 12174
7 0248 1100 9061 9063 12175
7 0248 1100 9061 9063 12178
7 0248 1100 9061 9063 9242
7 0248 1100 9061 9242 12173
7 0248 1100 9061 9242 12174
7 0248 1100 9061 9242 12175
7 0248 1100 9061 9242 12178
7 0248 1100 9063 12173 12174
7 0248 1100 9063 12173 12175
7 0248 1100 9063 12173 12178
7 0248 1100 9063 12174 12175
7 0248 1100 9063 12174 12178
7 0248 1100 9063 12175 12178
7 0248 1100 9063 9242 12173
7 0248 1100 9063 9242 12174
7 0248 1100 9063 9242 12175
7 0248 1100 9063 9242 12178
7 0248 1100 9242 12173 12174
7 0248 1100 9242 12173 12175
7 0248 1100 9242 12173 12178
7 0248 1100 9242 12174 12175
7 0248 1100 9242 12174 12178
7 0248 1100 9242 12175 12178
7 0248 12173 12174 12175 12178
7 0248 9061 12173 12174 12175
7 0248 9061 12173 12174 12178
7 0248 9061 12173 12175 12178
7 0248 9061 12174 12175 12178
7 0248 9061 9063 12173 12174
7 0248 9061 9063 12173 12175
7 0248 9061 9063 12173 12178
7 0248 9061 9063 12174 12175
7 0248 9061 9063 12174 12178
7 0248 9061 9063 12175 12178
7 0248 9061 9063 9242 12173
7 0248 9061 9063 9242 12174
7 0248 9061 9063 9242 12175
7 0248 9061 9063 9242 12178
7 0248 9061 9242 12173 12174
7 0248 9061 9242 12173 12175
7 0248 9061 9242 12173 12178
7 0248 9061 9242 12174 12175
7 0248 9061 9242 12174 12178
7 0248 9061 9242 12175 12178
7 0248 9063 12173 12174 12175
7 0248 9063 12173 12174 12178
7 0248 9063 12173 12175 12178
7 0248 9063 12174 12175 12178
7 0248 9063 9242 12173 12174
7 0248 9063 9242 12173 12175
7 0248 9063 9242 12173 12178
7 0248 9063 9242 12174 12175
7 0248 9063 9242 12174 12178
7 0248 9063 9242 12175 12178
7 0248 9242 12173 12174 12175
7 0248 9242 12173 12174 12178
7 0248 9242 12173 12175 12178
7 0248 9242 12174 12175 12178
7 1100 12173 12174 12175 12178
7 1100 9061 12173 12174 12175
7 1100 9061 12173 12174 12178
7 1100 9061 12173 12175 12178
7 1100 9061 12174 12175 12178
7 1100 9061 9063 12173 12174
7 1100 9061 9063 12173 12175
7 1100 9061 9063 12173 12178
7 1100 9061 9063 12174 12175
7 1100 9061 9063 12174 12178
7 1100 9061 9063 12175 12178
7 1100 9061 9063 9242 12173
7 1100 9061 9063 9242 12174
7 1100 9061 9063 9242 12175
7 1100 9061 9063 9242 12178
7 1100 9061 9242 12173 12174
7 1100 9061 9242 12173 12175
7 1100 9061 9242 12173 12178
7 1100 9061 9242 12174 12175
7 1100 9061 9242 12174 12178
7 1100 9061 9242 12175 12178
7 1100 9063 12173 12174 12175
7 1100 9063 12173 12174 12178
7 1100 9063 12173 12175 12178
7 1100 9063 12174 12175 12178
7 1100 9063 9242 12173 12174
7 1100 9063 9242 12173 12175
7 1100 9063 9242 12173 12178
7 1100 9063 9242 12174 12175
7 1100 9063 9242 12174 12178
7 1100 9063 9242 12175 12178
7 1100 9242 12173 12174 12175
7 1100 9242 12173 12174 12178
7 1100 9242 12173 12175 12178
7 1100 9242 12174 12175 12178
7 9061 12173 12174 12175 12178
7 9061 9063 12173 12174 12175
7 9061 9063 12173 12174 12178
7 9061 9063 12173 12175 12178
7 9061 9063 12174 12175 12178
7 9061 9063 9242 12173 12174
7 9061 9063 9242 12173 12175
7 9061 9063 9242 12173 12178
7 9061 9063 9242 12174 12175
7 9061 9063 9242 12174 12178
7 9061 9063 9242 12175 12178
7 9061 9242 12173 12174 12175
7 9061 9242 12173 12174 12178
7 9061 9242 12173 12175 12178
7 9061 9242 12174 12175 12178
7 9063 12173 12174 12175 12178
7 9063 9242 12173 12174 12175
7 9063 9242 12173 12174 12178
7 9063 9242 12173 12175 12178
7 9063 9242 12174 12175 12178
7 9242 12173 12174 12175 12178
7 0248 1100 12173 12174 12175 12178
7 0248 1100 9061 12173 12174 12175
7 0248 1100 9061 12173 12174 12178
7 0248 1100 9061 12173 12175 12178
7 0248 1100 9061 12174 12175 12178
7 0248 1100 9061 9063 12173 12174
7 0248 1100 9061 9063 12173 12175
7 0248 1100 9061 9063 12173 12178
7 0248 1100 9061 9063 12174 12175
7 0248 1100 9061 9063 12174 12178
7 0248 1100 9061 9063 12175 12178
7 0248 1100 9061 9063 9242 12173
7 0248 1100 9061 9063 9242 12174
7 0248 1100 9061 9063 9242 12175
7 0248 1100 9061 9063 9242 12178
7 0248 1100 9061 9242 12173 12174
7 0248 1100 9061 9242 12173 12175
7 0248 1100 9061 9242 12173 12178
7 0248 1100 9061 9242 12174 12175
7 0248 1100 9061 9242 12174 12178
7 0248 1100 9061 9242 12175 12178
7 0248 1100 9063 12173 12174 12175
7 0248 1100 9063 12173 12174 12178
7 0248 1100 9063 12173 12175 12178
7 0248 1100 9063 12174 12175 12178
7 0248 1100 9063 9242 12173 12174
7 0248 1100 9063 9242 12173 12175
7 0248 1100 9063 9242 12173 12178
7 0248 1100 9063 9242 12174 12175
7 0248 1100 9063 9242 12174 12178
7 0248 1100 9063 9242 12175 12178
7 0248 1100 9242 12173 12174 12175
7 0248 1100 9242 12173 12174 12178
7 0248 1100 9242 12173 12175 12178
7 0248 1100 9242 12174 12175 12178
7 0248 9061 12173 12174 12175 12178
7 0248 9061 9063 12173 12174 12175
7 0248 9061 9063 12173 12174 12178
7 0248 9061 9063 12173 12175 12178
7 0248 9061 9063 12174 12175 12178
7 0248 9061 9063 9242 12173 12174
7 0248 9061 9063 9242 12173 12175
7 0248 9061 9063 9242 12173 12178
7 0248 9061 9063 9242 12174 12175
7 0248 9061 9063 9242 12174 12178
7 0248 9061 9063 9242 12175 12178
7 0248 9061 9242 12173 12174 12175
7 0248 9061 9242 12173 12174 12178
7 0248 9061 9242 12173 12175 12178
7 0248 9061 9242 12174 12175 12178
7 0248 9063 12173 12174 12175 12178
7 0248 9063 9242 12173 12174 12175
7 0248 9063 9242 12173 12174 12178
7 0248 9063 9242 12173 12175 12178
7 0248 9063 9242 12174 12175 12178
7 0248 9242 12173 12174 12175 12178
7 1100 9061 12173 12174 12175 12178
7 1100 9061 9063 12173 12174 12175
7 1100 9061 9063 12173 12174 12178
7 1100 9061 9063 12173 12175 12178
7 1100 9061 9063 12174 12175 12178
7 1100 9061 9063 9242 12173 12174
7 1100 9061 9063 9242 12173 12175
7 1100 9061 9063 9242 12173 12178
7 1100 9061 9063 9242 12174 12175
7 1100 9061 9063 9242 12174 12178
7 1100 9061 9063 9242 12175 12178
7 1100 9061 9242 12173 12174 12175
7 1100 9061 9242 12173 12174 12178
7 1100 9061 9242 12173 12175 12178
7 1100 9061 9242 12174 12175 12178
7 1100 9063 12173 12174 12175 12178
7 1100 9063 9242 12173 12174 12175
7 1100 9063 9242 12173 12174 12178
7 1100 9063 9242 12173 12175 12178
7 1100 9063 9242 12174 12175 12178
7 1100 9242 12173 12174 12175 12178
7 9061 9063 12173 12174 12175 12178
7 9061 9063 9242 12173 12174 12175
7 9061 9063 9242 12173 12174 12178
7 9061 9063 9242 12173 12175 12178
7 9061 9063 9242 12174 12175 12178
7 9061 9242 12173 12174 12175 12178
7 9063 9242 12173 12174 12175 12178
7 0248 1100 9061 12173 12174 12175 12178
7 0248 1100 9061 9063 12173 12174 12175
7 0248 1100 9061 9063 12173 12174 12178
7 0248 1100 9061 9063 12173 12175 12178
7 0248 1100 9061 9063 12174 12175 12178
7 0248 1100 9061 9063 9242 12173 12174
7 0248 1100 9061 9063 9242 12173 12175
7 0248 1100 9061 9063 9242 12173 12178
7 0248 1100 9061 9063 9242 12174 12175
7 0248 1100 9061 9063 9242 12174 12178
7 0248 1100 9061 9063 9242 12175 12178
7 0248 1100 9061 9242 12173 12174 12175
7 0248 1100 9061 9242 12173 12174 12178
7 0248 1100 9061 9242 12173 12175 12178
7 0248 1100 9061 9242 12174 12175 12178
7 0248 1100 9063 12173 12174 12175 12178
7 0248 1100 9063 9242 12173 12174 12175
7 0248 1100 9063 9242 12173 12174 12178
7 0248 1100 9063 9242 12173 12175 12178
7 0248 1100 9063 9242 12174 12175 12178
7 0248 1100 9242 12173 12174 12175 12178
7 0248 9061 9063 12173 12174 12175 12178
7 0248 9061 9063 9242 12173 12174 12175
7 0248 9061 9063 9242 12173 12174 12178
7 0248 9061 9063 9242 12173 12175 12178
7 0248 9061 9063 9242 12174 12175 12178
7 0248 9061 9242 12173 12174 12175 12178
7 0248 9063 9242 12173 12174 12175 12178
7 1100 9061 9063 12173 12174 12175 12178
7 1100 9061 9063 9242 12173 12174 12175
7 1100 9061 9063 9242 12173 12174 12178
7 1100 9061 9063 9242 12173 12175 12178
7 1100 9061 9063 9242 12174 12175 12178
7 1100 9061 9242 12173 12174 12175 12178
7 1100 9063 9242 12173 12174 12175 12178
7 9061 9063 9242 12173 12174 12175 12178
7 0248 1100 9061 9063 12173 12174 12175 12178
7 0248 1100 9061 9063 9242 12173 12174 12175
7 0248 1100 9061 9063 9242 12173 12174 12178
7 0248 1100 9061 9063 9242 12173 12175 12178
7 0248 1100 9061 9063 9242 12174 12175 12178
7 0248 1100 9061 9242 12173 12174 12175 12178
7 0248 1100 9063 9242 12173 12174 12175 12178
7 0248 9061 9063 9242 12173 12174 12175 12178
7 1100 9061 9063 9242 12173 12174 12175 12178
7 0248 1100 9061 9063 9242 12173 12174 12175 12178
6 0002
6 0072
6 0083
6 0132
6 0174
6 0229
6 0238
6 0449
6 0533
6 0537
6 0584
6 0599
6 0631
6 0640
6 0685
6 0751
6 0756
6 0794
6 0800
6 0834
6 0853
6 0854
6 0865
6 0882
6 0892
6 0896
6 0903
6 0904
6 0930
6 0941
6 0989
6 1039
6 1075
6 1107
6 1128
6 1164
6 12177
6 1350
6 1367
6 1449
6 1493
6 1526
6 1565
6 1572
6 1596
6 1679
6 1764
6 1837
6 1846
6 1871
6 1915
6 1928
6 1955
6 1997
6 2110
6 2217
6 2234
6 2246
6 2252
6 2296
6 2364
6 2373
6 2397
6 2440
6 2444
6 2594
6 2705
6 2727
6 2768
6 2799
6 2804
6 2913
6 2927
6 2960
6 3063
6 3148
6 3166
6 3226
6 3315
6 3327
6 3501
6 3504
6 3651
6 3658
6 3666
6 3768
6 3849
6 3881
6 4401
6 4655
6 4726
6 5025
6 5089
6 5177
6 5242
6 5319
6 5361
6 5516
6 5538
6 5706
6 5957
6 5993
6 0006 0242
6 0244 0387
6 0084 0410
6 0248 0411
6 0181 0542
6 0025 0860
6 0025 1049
6 0248 1127
6 0006 0155
6 0025 1012
6 0027 0374
6 0288 0374
6 1449 1450
6 0006 1069
6 0006 1556
6 0387 0443
6 0025 0444
6 0006 0087
6 0009 0387
6 0025 0792
6 0006 0617
6 0194 0387
6 0387 1537
6 0025 0487
6 0025 1885
6 0056 0084
6 0056 0387
6 0156 1908
6 0006 1854
6 0248 0635
6 0488 1201
6 0003 0376
6 0025 1382
6 0462 0610
6 0374 0686
6 0378 0387
6 0025 0815
6 0374 2194
6 0188 0473
6 0415 0473
6 0473 0499
6 0025 0147
6 1789 2218
6 0084 1010
6 0481 1950
6 0006 0467
6 0188 0767
6 0051 0473
6 0258 0387
6 0025 1022
6 0006 0120
6 0006 0708
6 0006 2120
6 0025 1192
6 0248 1809
6 0006 0097
6 0973 2674
6 0374 0376
6 0050 0985
6 0025 0461
6 0248 1908
6 0310 0722
6 0248 2140
6 0006 1049
6 0100 1175
6 0025 0174
6 0006 1232
6 0006 0393
6 0374 0393
6 0248 0543
6 0134 0326
6 0003 1049
6 0006 2671
6 0064 0248
6 0961 1159
6 0006 0731
6 0025 0731
6 0006 2544
6 0006 1529
6 0374 0656
6 0025 1777
6 0374 0559
6 0006 0560
6 0025 0350
6 0315 0387
6 0084 1467
6 0025 0037
6 0326 0339
6 0248 0269
6 0326 1044
6 0326 1316
6 0025 0656
6 0205 0326
6 0011 0324
6 0188 0248
6 0140 0374
6 0082 0387
6 0286 0387
6 0387 0940
6 0248 0491
6 0025 0618
6 0387 3620
6 0473 1789
6 0248 0376
6 0025 0141
6 0006 0296
6 0025 0353
6 0248 0946
6 0370 1671
6 0084 0164
6 0804 0829
6 0006 0395
6 0006 1146
6 0006 0875
6 0181 0748
6 0748 1120
6 0336 0387
6 0084 0961
6 0006 0767
6 0025 1057
6 0006 4062
6 0326 4062
6 0082 0473
6 0134 0832
6 0025 2544
6 0034 0481
6 0025 0746
6 0248 1259
6 0025 4180
6 0104 0473
6 0025 0544
6 0541 2478
6 0248 2927
6 0025 1120
6 0025 2096
6 0387 0804
6 0025 1796
6 0158 0248
6 0006 0464
6 0248 3168
6 0003 1758
6 0387 0429
6 0387 0853
6 0084 1521
6 0084 0192
6 0192 0387
6 0248 0830
6 0387 2404
6 0387 0560
6 0193 0481
6 0347 0387
6 0387 5089
6 0248 1533
6 0188 0532
6 0006 1383
6 0374 0498
6 0021 0387
6 0006 0187
6 0181 1644
6 0006 0315
6 0248 0573
6 0006 1167
6 0006 1023
6 0150 0326
6 0006 0621
6 0006 0792
6 0006 1495
6 0025 0346
6 1901 3606
6 0967 1261
6 0248 4180
6 2478 4180
6 0021 0481
6 0084 0683
6 0084 0666
6 0084 4109
6 0006 0784
6 0006 0889
6 0481 1951
6 2848 3647
6 0499 0946
6 0355 0678
6 0355 0967
6 0678 1261
6 0045 0181
6 0006 1012
6 0025 1393
6 0006 0468
6 0387 0828
6 0025 4931
6 0395 0473
6 0233 0248
6 0025 2329
6 0248 0784
6 0084 0786
6 0248 0522
6 0006 0096
6 0025 0873
6 0003 0193
6 2444 2445
6 0248 1144
6 0006 1071
6 0272 0473
6 0006 0115
6 0181 0436
6 1102 2235
6 0181 5957
6 0025 0917
6 0706 1261
6 0181 0340
6 0191 0481
6 0084 0282
6 0084 0880
6 0248 0564
6 0248 5060
6 0025 2274
6 0084 0913
6 0181 1071
6 0248 3881
6 0025 1521
6 0097 0387
6 0084 0096
6 0832 2478
6 0006 0661
6 0181 1620
6 0374 1810
6 0181 4726
6 0097 0473
6 0248 0804
6 0084 0501
6 0248 0501
6 0025 2151
6 0374 3221
6 0025 0491
6 0248 0293
6 0248 2173
6 0084 0568
6 0025 0747
6 0481 2031
6 0084 0478
6 0248 0887
6 0576 2130
6 0084 0395
6 0084 4664
6 0610 1833
6 0248 2181
6 0084 3016
6 0084 8454
6 0009 1650
6 0617 0619
6 0248 5859
6 0248 12177
6 1100 12177
6 12173 12177
6 12174 12177
6 12175 12177
6 12177 12178
6 9061 12177
6 9063 12177
6 9242 12177
6 0025 0084 0481
6 0025 0084 0610
6 0181 0248 0481
6 0025 0374 0610
6 0025 0192 0193
6 0025 1789 2218
6 0025 0374 0387
6 0204 0481 0678
6 0248 0374 0722
6 0025 0050 0985
6 0310 0374 0722
6 0006 0025 0258
6 0006 0326 1044
6 0006 0326 1316
6 0006 0205 0326
6 0006 0032 0326
6 0006 0355 1789
6 0003 0336 1136
6 0006 0336 1136
6 0025 0370 2666
6 0006 0326 4062
6 0181 0325 0481
6 0006 0134 0678
6 0006 0134 0967
6 0025 0181 0387
6 0025 0481 0488
6 0040 0181 0248
6 0387 0429 0430
6 0084 0193 0387
6 0006 0025 0288
6 0006 0248 0288
6 0006 0181 0678
6 0006 0150 0326
6 0006 0025 0195
6 0387 0473 0764
6 0006 0084 0784
6 0006 0248 0967
6 0355 0678 0967
6 0003 0678 0967
6 0006 0056 0248
6 0006 0248 1261
6 0006 0374 2394
6 0006 0025 0244
6 0006 0543 0838
6 0003 0164 0436
6 0374 0473 0838
6 0025 0248 1261
6 0006 0706 1261
6 0006 0025 0838
6 0248 0564 5060
6 0374 0473 0851
6 0025 0248 0875
6 0006 0025 0084
6 0025 0181 0195
6 0181 0248 0832
6 0248 0576 2130
6 0248 0617 0619
6 0248 1100 12177
6 0248 12173 12177
6 0248 12174 12177
6 0248 12175 12177
6 0248 12177 12178
6 0248 9061 12177
6 0248 9063 12177
6 0248 9242 12177
6 1100 12173 12177
6 1100 12174 12177
6 1100 12175 12177
6 1100 12177 12178
6 1100 9061 12177
6 1100 9063 12177
6 1100 9242 12177
6 12173 12174 12177
6 12173 12175 12177
6 12173 12177 12178
6 12174 12175 12177
6 12174 12177 12178
6 12175 12177 12178
6 9061 12173 12177
6 9061 12174 12177
6 9061 12175 12177
6 9061 12177 12178
6 9061 9063 12177
6 9061 9242 12177
6 9063 12173 12177
6 9063 12174 12177
6 9063 12175 12177
6 9063 12177 12178
6 9063 9242 12177
6 9242 12173 12177
6 9242 12174 12177
6 9242 12175 12177
6 9242 12177 12178
6 0006 0134 0678 0967
6 0006 0181 0678 0967
6 0006 0374 0473 0838
6 0248 1100 12173 12177
6 0248 1100 12174 12177
6 0248 1100 12175 12177
6 0248 1100 12177 12178
6 0248 1100 9061 12177
6 0248 1100 9063 12177
6 0248 1100 9242 12177
6 0248 12173 12174 12177
6 0248 12173 12175 12177
6 0248 12173 12177 12178
6 0248 12174 12175 12177
6 0248 12174 12177 12178
6 0248 12175 12177 12178
6 0248 9061 12173 12177
6 0248 9061 12174 12177
6 0248 9061 12175 12177
6 0248 9061 12177 12178
6 0248 9061 9063 12177
6 0248 9061 9242 12177
6 0248 9063 12173 12177
6 0248 9063 12174 12177
6 0248 9063 12175 12177
6 0248 9063 12177 12178
6 0248 9063 9242 12177
6 0248 9242 12173 12177
6 0248 9242 12174 12177
6 0248 9242 12175 12177
6 0248 9242 12177 12178
6 1100 12173 12174 12177
6 1100 12173 12175 12177
6 1100 12173 12177 12178
6 1100 12174 12175 12177
6 1100 12174 12177 12178
6 1100 12175 12177 12178
6 1100 9061 12173 12177
6 1100 9061 12174 12177
6 1100 9061 12175 12177
6 1100 9061 12177 12178
6 1100 9061 9063 12177
6 1100 9061 9242 12177
6 1100 9063 12173 12177
6 1100 9063 12174 12177
6 1100 9063 12175 12177
6 1100 9063 12177 12178
6 1100 9063 9242 12177
6 1100 9242 12173 12177
6 1100 9242 12174 12177
6 1100 9242 12175 12177
6 1100 9242 12177 12178
6 12173 12174 12175 12177
6 12173 12174 12177 12178
6 12173 12175 12177 12178
6 12174 12175 12177 12178
6 9061 12173 12174 12177
6 9061 12173 12175 12177
6 9061 12173 12177 12178
6 9061 12174 12175 12177
6 9061 12174 12177 12178
6 9061 12175 12177 12178
6 9061 9063 12173 12177
6 9061 9063 12174 12177
6 9061 9063 12175 12177
6 9061 9063 12177 12178
6 9061 9063 9242 12177
6 9061 9242 12173 12177
6 9061 9242 12174 12177
6 9061 9242 12175 12177
6 9061 9242 12177 12178
6 9063 12173 12174 12177
6 9063 12173 12175 12177
6 9063 12173 12177 12178
6 9063 12174 12175 12177
6 9063 12174 12177 12178
6 9063 12175 12177 12178
6 9063 9242 12173 12177
6 9063 9242 12174 12177
6 9063 9242 12175 12177
6 9063 9242 12177 12178
6 9242 12173 12174 12177
6 9242 12173 12175 12177
6 9242 12173 12177 12178
6 9242 12174 12175 12177
6 9242 12174 12177 12178
6 9242 12175 12177 12178
6 0248 1100 12173 12174 12177
6 0248 1100 12173 12175 12177
6 0248 1100 12173 12177 12178
6 0248 1100 12174 12175 12177
6 0248 1100 12174 12177 12178
6 0248 1100 12175 12177 12178
6 0248 1100 9061 12173 12177
6 0248 1100 9061 12174 12177
6 0248 1100 9061 12175 12177
6 0248 1100 9061 12177 12178
6 0248 1100 9061 9063 12177
6 0248 1100 9061 9242 12177
6 0248 1100 9063 12173 12177
6 0248 1100 9063 12174 12177
6 0248 1100 9063 12175 12177
6 0248 1100 9063 12177 12178
6 0248 1100 9063 9242 12177
6 0248 1100 9242 12173 12177
6 0248 1100 9242 12174 12177
6 0248 1100 9242 12175 12177
6 0248 1100 9242 12177 12178
6 0248 12173 12174 12175 12177
6 0248 12173 12174 12177 12178
6 0248 12173 12175 12177 12178
6 0248 12174 12175 12177 12178
6 0248 9061 12173 12174 12177
6 0248 9061 12173 12175 12177
6 0248 9061 12173 12177 12178
6 0248 9061 12174 12175 12177
6 0248 9061 12174 12177 12178
6 0248 9061 12175 12177 12178
6 0248 9061 9063 12173 12177
6 0248 9061 9063 12174 12177
6 0248 9061 9063 12175 12177
6 0248 9061 9063 12177 12178
6 0248 9061 9063 9242 12177
6 0248 9061 9242 12173 12177
6 0248 9061 9242 12174 12177
6 0248 9061 9242 12175 12177
6 0248 9061 9242 12177 12178
6 0248 9063 12173 12174 12177
6 0248 9063 12173 12175 12177
6 0248 9063 12173 12177 12178
6 0248 9063 12174 12175 12177
6 0248 9063 12174 12177 12178
6 0248 9063 12175 12177 12178
6 0248 9063 9242 12173 12177
6 0248 9063 9242 12174 12177
6 0248 9063 9242 12175 12177
6 0248 9063 9242 12177 12178
6 0248 9242 12173 12174 12177
6 0248 9242 12173 12175 12177
6 0248 9242 12173 12177 12178
6 0248 9242 12174 12175 12177
6 0248 9242 12174 12177 12178
6 0248 9242 12175 12177 12178
6 1100 12173 12174 12175 12177
6 1100 12173 12174 12177 12178
6 1100 12173 12175 12177 12178
6 1100 12174 12175 12177 12178
6 1100 9061 12173 12174 12177
6 1100 9061 12173 12175 12177
6 1100 9061 12173 12177 12178
6 1100 9061 12174 12175 12177
6 1100 9061 12174 12177 12178
6 1100 9061 12175 12177 12178
6 1100 9061 9063 12173 12177
6 1100 9061 9063 12174 12177
6 1100 9061 9063 12175 12177
6 1100 9061 9063 12177 12178
6 1100 9061 9063 9242 12177
6 1100 9061 9242 12173 12177
6 1100 9061 9242 12174 12177
6 1100 9061 9242 12175 12177
6 1100 9061 9242 12177 12178
6 1100 9063 12173 12174 12177
6 1100 9063 12173 12175 12177
6 1100 9063 12173 12177 12178
6 1100 9063 12174 12175 12177
6 1100 9063 12174 12177 12178
6 1100 9063 12175 12177 12178
6 1100 9063 9242 12173 12177
6 1100 9063 9242 12174 12177
6 1100 9063 9242 12175 12177
6 1100 9063 9242 12177 12178
6 1100 9242 12173 12174 12177
6 1100 9242 12173 12175 12177
6 1100 9242 12173 12177 12178
6 1100 9242 12174 12175 12177
6 1100 9242 12174 12177 12178
6 1100 9242 12175 12177 12178
6 12173 12174 12175 12177 12178
6 9061 12173 12174 12175 12177
6 9061 12173 12174 12177 12178
6 9061 12173 12175 12177 12178
6 9061 12174 12175 12177 12178
6 9061 9063 12173 12174 12177
6 9061 9063 12173 12175 12177
6 9061 9063 12173 12177 12178
6 9061 9063 12174 12175 12177
6 9061 9063 12174 12177 12178
6 9061 9063 12175 12177 12178
6 9061 9063 9242 12173 12177
6 9061 9063 9242 12174 12177
6 9061 9063 9242 12175 12177
6 9061 9063 9242 12177 12178
6 9061 9242 12173 12174 12177
6 9061 9242 12173 12175 12177
6 9061 9242 12173 12177 12178
6 9061 9242 12174 12175 12177
6 9061 9242 12174 12177 12178
6 9061 9242 12175 12177 12178
6 9063 12173 12174 12175 12177
6 9063 12173 12174 12177 12178
6 9063 12173 12175 12177 12178
6 9063 12174 12175 12177 12178
6 9063 9242 12173 12174 12177
6 9063 9242 12173 12175 12177
6 9063 9242 12173 12177 12178
6 9063 9242 12174 12175 12177
6 9063 9242 12174 12177 12178
6 9063 9242 12175 12177 12178
6 9242 12173 12174 12175 12177
6 9242 12173 12174 12177 12178
6 9242 12173 12175 12177 12178
6 9242 12174 12175 12177 12178
6 0248 1100 12173 12174 12175 12177
6 0248 1100 12173 12174 12177 12178
6 0248 1100 12173 12175 12177 12178
6 0248 1100 12174 12175 12177 12178
6 0248 1100 9061 12173 12174 12177
6 0248 1100 9061 12173 12175 12177
6 0248 1100 9061 12173 12177 12178
6 0248 1100 9061 12174 12175 12177
6 0248 1100 9061 12174 12177 12178
6 0248 1100 9061 12175 12177 12178
6 0248 1100 9061 9063 12173 12177
6 0248 1100 9061 9063 12174 12177
6 0248 1100 9061 9063 12175 12177
6 0248 1100 9061 9063 12177 12178
6 0248 1100 9061 9063 9242 12177
6 0248 1100 9061 9242 12173 12177
6 0248 1100 9061 9242 12174 12177
6 0248 1100 9061 9242 12175 12177
6 0248 1100 9061 9242 12177 12178
6 0248 1100 9063 12173 12174 12177
6 0248 1100 9063 12173 12175 12177
6 0248 1100 9063 12173 12177 12178
6 0248 1100 9063 12174 12175 12177
6 0248 1100 9063 12174 12177 12178
6 0248 1100 9063 12175 12177 12178
6 0248 1100 9063 9242 12173 12177
6 0248 1100 9063 9242 12174 12177
6 0248 1100 9063 9242 12175 12177
6 0248 1100 9063 9242 12177 12178
6 0248 1100 9242 12173 12174 12177
6 0248 1100 9242 12173 12175 12177
6 0248 1100 9242 12173 12177 12178
6 0248 1100 9242 12174 12175 12177
6 0248 1100 9242 12174 12177 12178
6 0248 1100 9242 12175 12177 12178
6 0248 12173 12174 12175 12177 12178
6 0248 9061 12173 12174 12175 12177
6 0248 9061 12173 12174 12177 12178
6 0248 9061 12173 12175 12177 12178
6 0248 9061 12174 12175 12177 12178
6 0248 9061 9063 12173 12174 12177
6 0248 9061 9063 12173 12175 12177
6 0248 9061 9063 12173 12177 12178
6 0248 9061 9063 12174 12175 12177
6 0248 9061 9063 12174 12177 12178
6 0248 9061 9063 12175 12177 12178
6 0248 9061 9063 9242 12173 12177
6 0248 9061 9063 9242 12174 12177
6 0248 9061 9063 9242 12175 12177
6 0248 9061 9063 9242 12177 12178
6 0248 9061 9242 12173 12174 12177
6 0248 9061 9242 12173 12175 12177
6 0248 9061 9242 12173 12177 12178
6 0248 9061 9242 12174 12175 12177
6 0248 9061 9242 12174 12177 12178
6 0248 9061 9242 12175 12177 12178
6 0248 9063 12173 12174 12175 12177
6 0248 9063 12173 12174 12177 12178
6 0248 9063 12173 12175 12177 12178
6 0248 9063 12174 12175 12177 12178
6 0248 9063 9242 12173 12174 12177
6 0248 9063 9242 12173 12175 12177
6 0248 9063 9242 12173 12177 12178
6 0248 9063 9242 12174 12175 12177
6 0248 9063 9242 12174 12177 12178
6 0248 9063 9242 12175 12177 12178
6 0248 9242 12173 12174 12175 12177
6 0248 9242 12173 12174 12177 12178
6 0248 9242 12173 12175 12177 12178
6 0248 9242 12174 12175 12177 12178
6 1100 12173 12174 12175 12177 12178
6 1100 9061 12173 12174 12175 12177
6 1100 9061 12173 12174 12177 12178
6 1100 9061 12173 12175 12177 12178
6 1100 9061 12174 12175 12177 12178
6 1100 9061 9063 12173 12174 12177
6 1100 9061 9063 12173 12175 12177
6 1100 9061 9063 12173 12177 12178
6 1100 9061 9063 12174 12175 12177
6 1100 9061 9063 12174 12177 12178
6 1100 9061 9063 12175 12177 12178
6 1100 9061 9063 9242 12173 12177
6 1100 9061 9063 9242 12174 12177
6 1100 9061 9063 9242 12175 12177
6 1100 9061 9063 9242 12177 12178
6 1100 9061 9242 12173 12174 12177
6 1100 9061 9242 12173 12175 12177
6 1100 9061 9242 12173 12177 12178
6 1100 9061 9242 12174 12175 12177
6 1100 9061 9242 12174 12177 12178
6 1100 9061 9242 12175 12177 12178
6 1100 9063 12173 12174 12175 12177
6 1100 9063 12173 12174 12177 12178
6 1100 9063 12173 12175 12177 12178
6 1100 9063 12174 12175 12177 12178
6 1100 9063 9242 12173 12174 12177
6 1100 9063 9242 12173 12175 12177
6 1100 9063 9242 12173 12177 12178
6 1100 9063 9242 12174 12175 12177
6 1100 9063 9242 12174 12177 12178
6 1100 9063 9242 12175 12177 12178
6 1100 9242 12173 12174 12175 12177
6 1100 9242 12173 12174 12177 12178
6 1100 9242 12173 12175 12177 12178
6 1100 9242 12174 12175 12177 12178
6 9061 12173 12174 12175 12177 12178
6 9061 9063 12173 12174 12175 12177
6 9061 9063 12173 12174 12177 12178
6 9061 9063 12173 12175 12177 12178
6 9061 9063 12174 12175 12177 12178
6 9061 9063 9242 12173 12174 12177
6 9061 9063 9242 12173 12175 12177
6 9061 9063 9242 12173 12177 12178
6 9061 9063 9242 12174 12175 12177
6 9061 9063 9242 12174 12177 12178
6 9061 9063 9242 12175 12177 12178
6 9061 9242 12173 12174 12175 12177
6 9061 9242 12173 12174 12177 12178
6 9061 9242 12173 12175 12177 12178
6 9061 9242 12174 12175 12177 12178
6 9063 12173 12174 12175 12177 12178
6 9063 9242 12173 12174 12175 12177
6 9063 9242 12173 12174 12177 12178
6 9063 9242 12173 12175 12177 12178
6 9063 9242 12174 12175 12177 12178
6 9242 12173 12174 12175 12177 12178
6 0248 1100 12173 12174 12175 12177 12178
6 0248 1100 9061 12173 12174 12175 12177
6 0248 1100 9061 12173 12174 12177 12178
6 0248 1100 9061 12173 12175 12177 12178
6 0248 1100 9061 12174 12175 12177 12178
6 0248 1100 9061 9063 12173 12174 12177
6 0248 1100 9061 9063 12173 12175 12177
6 0248 1100 9061 9063 12173 12177 12178
6 0248 1100 9061 9063 12174 12175 12177
6 0248 1100 9061 9063 12174 12177 12178
6 0248 1100 9061 9063 12175 12177 12178
6 0248 1100 9061 9063 9242 12173 12177
6 0248 1100 9061 9063 9242 12174 12177
6 0248 1100 9061 9063 9242 12175 12177
6 0248 1100 9061 9063 9242 12177 12178
6 0248 1100 9061 9242 12173 12174 12177
6 0248 1100 9061 9242 12173 12175 12177
6 0248 1100 9061 9242 12173 12177 12178
6 0248 1100 9061 9242 12174 12175 12177
6 0248 1100 9061 9242 12174 12177 12178
6 0248 1100 9061 9242 12175 12177 12178
6 0248 1100 9063 12173 12174 12175 12177
6 0248 1100 9063 12173 12174 12177 12178
6 0248 1100 9063 12173 12175 12177 12178
6 0248 1100 9063 12174 12175 12177 12178
6 0248 1100 9063 9242 12173 12174 12177
6 0248 1100 9063 9242 12173 12175 12177
6 0248 1100 9063 9242 12173 12177 12178
6 0248 1100 9063 9242 12174 12175 12177
6 0248 1100 9063 9242 12174 12177 12178
6 0248 1100 9063 9242 12175 12177 12178
6 0248 1100 9242 12173 12174 12175 12177
6 0248 1100 9242 12173 12174 12177 12178
6 0248 1100 9242 12173 12175 12177 12178
6 0248 1100 9242 12174 12175 12177 12178
6 0248 9061 12173 12174 12175 12177 12178
6 0248 9061 9063 12173 12174 12175 12177
6 0248 9061 9063 12173 12174 12177 12178
6 0248 9061 9063 12173 12175 12177 12178
6 0248 9061 9063 12174 12175 12177 12178
6 0248 9061 9063 9242 12173 12174 12177
6 0248 9061 9063 9242 12173 12175 12177
6 0248 9061 9063 9242 12173 12177 12178
6 0248 9061 9063 9242 12174 12175 12177
6 0248 9061 9063 9242 12174 12177 12178
6 0248 9061 9063 9242 12175 12177 12178
6 0248 9061 9242 12173 12174 12175 12177
6 0248 9061 9242 12173 12174 12177 12178
6 0248 9061 9242 12173 12175 12177 12178
6 0248 9061 9242 12174 12175 12177 12178
6 0248 9063 12173 12174 12175 12177 12178
6 0248 9063 9242 12173 12174 12175 12177
6 0248 9063 9242 12173 12174 12177 12178
6 0248 9063 9242 12173 12175 12177 12178
6 0248 9063 9242 12174 12175 12177 12178
6 0248 9242 12173 12174 12175 12177 12178
6 1100 9061 12173 12174 12175 12177 12178
6 1100 9061 9063 12173 12174 12175 12177
6 1100 9061 9063 12173 12174 12177 12178
6 1100 9061 9063 12173 12175 12177 12178
6 1100 9061 9063 12174 12175 12177 12178
6 1100 9061 9063 9242 12173 12174 12177
6 1100 9061 9063 9242 12173 12175 12177
6 1100 9061 9063 9242 12173 12177 12178
6 1100 9061 9063 9242 12174 12175 12177
6 1100 9061 9063 9242 12174 12177 12178
6 1100 9061 9063 9242 12175 12177 12178
6 1100 9061 9242 12173 12174 12175 12177
6 1100 9061 9242 12173 12174 12177 12178
6 1100 9061 9242 12173 12175 12177 12178
6 1100 9061 9242 12174 12175 12177 12178
6 1100 9063 12173 12174 12175 12177 12178
6 1100 9063 9242 12173 12174 12175 12177
6 1100 9063 9242 12173 12174 12177 12178
6 1100 9063 9242 12173 12175 12177 12178
6 1100 9063 9242 12174 12175 12177 12178
6 1100 9242 12173 12174 12175 12177 12178
6 9061 9063 12173 12174 12175 12177 12178
6 9061 9063 9242 12173 12174 12175 12177
6 9061 9063 9242 12173 12174 12177 12178
6 9061 9063 9242 12173 12175 12177 12178
6 9061 9063 9242 12174 12175 12177 12178
6 9061 9242 12173 12174 12175 12177 12178
6 9063 9242 12173 12174 12175 12177 12178
6 0248 1100 9061 12173 12174 12175 12177 12178
6 0248 1100 9061 9063 12173 12174 12175 12177
6 0248 1100 9061 9063 12173 12174 12177 12178
6 0248 1100 9061 9063 12173 12175 12177 12178
6 0248 1100 9061 9063 12174 12175 12177 12178
6 0248 1100 9061 9063 9242 12173 12174 12177
6 0248 1100 9061 9063 9242 12173 12175 12177
6 0248 1100 9061 9063 9242 12173 12177 12178
6 0248 1100 9061 9063 9242 12174 12175 12177
6 0248 1100 9061 9063 9242 12174 12177 12178
6 0248 1100 9061 9063 9242 12175 12177 12178
6 0248 1100 9061 9242 12173 12174 12175 12177
6 0248 1100 9061 9242 12173 12174 12177 12178
6 0248 1100 9061 9242 12173 12175 12177 12178
6 0248 1100 9061 9242 12174 12175 12177 12178
6 0248 1100 9063 12173 12174 12175 12177 12178
6 0248 1100 9063 9242 12173 12174 12175 12177
6 0248 1100 9063 9242 12173 12174 12177 12178
6 0248 1100 9063 9242 12173 12175 12177 12178
6 0248 1100 9063 9242 12174 12175 12177 12178
6 0248 1100 9242 12173 12174 12175 12177 12178
6 0248 9061 9063 12173 12174 12175 12177 12178
6 0248 9061 9063 9242 12173 12174 12175 12177
6 0248 9061 9063 9242 12173 12174 12177 12178
6 0248 9061 9063 9242 12173 12175 12177 12178
6 0248 9061 9063 9242 12174 12175 12177 12178
6 0248 9061 9242 12173 12174 12175 12177 12178
6 0248 9063 9242 12173 12174 12175 12177 12178
6 1100 9061 9063 12173 12174 12175 12177 12178
6 1100 9061 9063 9242 12173 12174 12175 12177
6 1100 9061 9063 9242 12173 12174 12177 12178
6 1100 9061 9063 9242 12173 12175 12177 12178
6 1100 9061 9063 9242 12174 12175 12177 12178
6 1100 9061 9242 12173 12174 12175 12177 12178
6 1100 9063 9242 12173 12174 12175 12177 12178
6 9061 9063 9242 12173 12174 12175 12177 12178
6 0248 1100 9061 9063 12173 12174 12175 12177 12178
6 0248 1100 9061 9063 9242 12173 12174 12175 12177
6 0248 1100 9061 9063 9242 12173 12174 12177 12178
6 0248 1100 9061 9063 9242 12173 12175 12177 12178
6 0248 1100 9061 9063 9242 12174 12175 12177 12178
6 0248 1100 9061 9242 12173 12174 12175 12177 12178
6 0248 1100 9063 9242 12173 12174 12175 12177 12178
6 0248 9061 9063 9242 12173 12174 12175 12177 12178
6 1100 9061 9063 9242 12173 12174 12175 12177 12178
6 0248 1100 9061 9063 9242 12173 12174 12175 12177 12178
5 0063
5 0068
5 0090
5 0101
5 0102
5 0117
5 0126
5 0179
5 0216
5 0218
5 0257
5 0263
5 0280
5 0301
5 0321
5 0327
5 0328
5 0423
5 0428
5 0567
5 0605
5 0613
5 0632
5 0633
5 0634
5 0646
5 0650
5 0662
5 0690
5 0697
5 0699
5 0700
5 0711
5 0715
5 0720
5 0725
5 0730
5 0733
5 0765
5 0768
5 0777
5 0781
5 0793
5 0806
5 0820
5 0836
5 0926
5 0937
5 0998
5 1095
5 1096
5 1138
5 1145
5 1156
5 1166
5 11749
5 1214
5 1288
5 1289
5 1309
5 1311
5 1351
5 1398
5 1414
5 1488
5 1494
5 1507
5 1508
5 1584
5 1588
5 1594
5 1602
5 1611
5 1625
5 1676
5 1688
5 1717
5 1726
5 1765
5 1770
5 1801
5 1806
5 1891
5 1897
5 1929
5 1937
5 1959
5 1973
5 1996
5 2029
5 2044
5 2054
5 2068
5 2093
5 2122
5 2229
5 2230
5 2253
5 2263
5 2281
5 2305
5 2313
5 2331
5 2357
5 2374
5 2457
5 2505
5 2557
5 2610
5 2673
5 2678
5 2868
5 2870
5 2898
5 2928
5 2936
5 3024
5 3074
5 3094
5 3107
5 3223
5 3246
5 3252
5 3277
5 3310
5 3311
5 3343
5 3380
5 3384
5 3441
5 3467
5 3519
5 3521
5 3598
5 3605
5 3642
5 3644
5 3648
5 3670
5 3677
5 3702
5 3717
5 3899
5 4029
5 4082
5 4254
5 4255
5 4259
5 4315
5 4320
5 4378
5 4380
5 4932
5 5009
5 5050
5 5186
5 5224
5 5257
5 5279
5 5391
5 5491
5 5607
5 5631
5 5745
5 5886
5 5912
5 6198
5 6330
5 6345
5 7574
5 8665
5 9266
5 9817
5 0025 0136
5 0084 0244
5 0025 0269
5 0006 0273
5 0006 0274
5 0248 0412
5 0181 0541
5 0248 0541
5 0003 0610
5 0248 0811
5 0248 0286
5 0025 0337
5 0084 0782
5 0374 0916
5 0007 0248
5 0025 0994
5 0025 1090
5 0150 1195
5 0064 0748
5 0006 0068
5 0008 0248
5 0030 0084
5 0025 0547
5 0025 0155
5 0240 0387
5 0025 0324
5 0025 1526
5 0025 0260
5 0374 1025
5 0326 0722
5 0470 1026
5 0003 0573
5 0025 0495
5 1057 1758
5 0025 0427
5 0481 0967
5 0181 1093
5 0084 1924
5 0025 0635
5 0248 0276
5 0387 1313
5 0443 0481
5 0188 2074
5 0473 0487
5 0084 2110
5 0006 1293
5 0025 2117
5 0025 2145
5 0096 0181
5 0481 0661
5 0003 1789
5 0025 0846
5 0473 0610
5 0025 0743
5 0043 1671
5 0003 0136
5 0188 0191
5 0006 0085
5 0021 0811
5 0021 2072
5 0006 2645
5 0006 2674
5 2457 2678
5 0025 0089
5 0374 1379
5 0161 0524
5 0161 0620
5 0524 0620
5 0011 0532
5 0006 0362
5 0187 1330
5 0193 0374
5 0003 0490
5 0288 0490
5 0387 1424
5 0387 0490
5 0084 0879
5 0006 0200
5 0721 2868
5 0011 0326
5 0326 0370
5 0205 0374
5 0286 0374
5 0374 1093
5 0215 1448
5 0025 1824
5 0248 0514
5 0374 0514
5 0374 1824
5 0025 0342
5 0248 1129
5 0327 0328
5 0025 2234
5 0260 0471
5 0387 1529
5 0006 0153
5 0001 0025
5 0006 0602
5 0006 0893
5 0025 3017
5 0025 1148
5 0248 0708
5 0037 0374
5 0559 0838
5 1216 3226
5 0387 1919
5 0370 0473
5 0003 0754
5 0025 1573
5 0025 0471
5 0006 0421
5 0006 1699
5 0006 1033
5 0205 1115
5 0326 1102
5 0006 0353
5 0006 0367
5 0147 0387
5 0326 1010
5 0351 0722
5 0453 0473
5 0242 0722
5 0025 1794
5 0387 1127
5 0025 0478
5 0030 0156
5 0355 0473
5 0006 0978
5 0248 1671
5 0084 1451
5 0025 1383
5 0181 0370
5 0006 1815
5 0162 0387
5 0057 0473
5 0006 1514
5 0006 0037
5 0006 0817
5 0374 0973
5 0025 2026
5 0006 0282
5 0006 0828
5 0387 1671
5 0006 1372
5 0084 0554
5 0248 2042
5 0025 4109
5 0488 1789
5 0181 0610
5 0387 0686
5 0387 1992
5 0248 0761
5 0181 1512
5 0387 2181
5 0746 0830
5 0084 0748
5 0387 0661
5 0374 0412
5 0387 1789
5 0250 0481
5 0003 0104
5 0025 2042
5 0025 4267
5 0181 2218
5 0025 0995
5 0025 0539
5 0473 0706
5 0025 0421
5 0025 1144
5 1144 1796
5 0025 1136
5 0025 0955
5 0181 0829
5 0006 0782
5 0025 0726
5 0025 0718
5 0025 4728
5 0006 1940
5 0006 0008
5 0387 2238
5 0006 1564
5 0025 2570
5 0025 0429
5 0248 0889
5 0387 0449
5 0203 0481
5 0025 1834
5 0020 0025
5 0306 0462
5 0387 2194
5 0353 0387
5 0248 0591
5 0248 0754
5 0387 0424
5 0084 0909
5 0387 0395
5 0096 0387
5 0481 0764
5 0181 0357
5 0183 0481
5 0025 0385
5 0195 0374
5 0387 0838
5 0006 1414
5 0181 0867
5 0706 1644
5 0156 4125
5 0006 2659
5 0089 0248
5 0473 1382
5 0374 0792
5 0473 0490
5 0006 5224
5 0946 1585
5 0003 0192
5 0006 0693
5 0025 0623
5 0025 1908
5 0006 0552
5 1316 2749
5 0181 1995
5 0436 1261
5 0006 1901
5 0387 0621
5 0248 1043
5 0514 1043
5 0006 1671
5 0006 4900
5 0006 2610
5 0025 2235
5 0006 4399
5 0387 5319
5 0481 0701
5 0248 1901
5 0285 0387
5 0387 2140
5 0387 0491
5 0181 2843
5 0084 1120
5 0387 1815
5 0006 1851
5 0003 0339
5 0006 0818
5 0374 1201
5 0084 2202
5 0325 0488
5 0248 1774
5 0006 0625
5 0082 2074
5 0056 0488
5 0326 1758
5 0453 1261
5 0473 1201
5 0025 0816
5 0272 0374
5 0838 2394
5 0967 1136
5 0006 4267
5 0006 3647
5 0181 0288
5 0006 1450
5 0164 0181
5 0045 0355
5 0244 0248
5 1201 1261
5 0248 1072
5 1071 1072
5 0006 1379
5 0194 0374
5 0387 1379
5 0248 0818
5 0325 0838
5 0181 4180
5 0181 0950
5 0194 0326
5 0387 0457
5 0006 2252
5 0248 1423
5 0374 0752
5 0678 0946
5 0946 0967
5 0248 2568
5 0368 0473
5 0025 1561
5 0248 1942
5 0248 1983
5 0025 1259
5 0370 0492
5 0006 0335
5 0181 2478
5 0006 3052
5 0181 0498
5 0248 1885
5 0374 0816
5 1970 3881
5 0473 1919
5 0181 0499
5 0084 0150
5 0006 0376
5 0003 0191
5 0084 1012
5 0084 2112
5 0191 0387
5 0181 0376
5 0025 1397
5 0084 0461
5 0181 0656
5 0181 5257
5 0374 2140
5 0248 3277
5 1263 3277
5 0039 0181
5 0374 3016
5 0134 0706
5 0387 0786
5 0084 0394
5 0248 4358
5 0181 2070
5 0473 0879
5 0025 1101
5 0003 0499
5 0025 0681
5 0387 4109
5 0025 2031
5 0248 3041
5 0025 0508
5 0481 0621
5 0248 5538
5 0084 0813
5 0248 0686
5 0462 0473
5 0134 0481
5 0200 0387
5 0084 0590
5 0387 0416
5 0003 9266
5 0412 0764
5 0248 1279
5 0248 2064
5 0248 1347
5 0248 1611
5 0617 0832
5 0832 4464
5 0374 6639
5 0025 0247 0248
5 0006 0084 0288
5 0003 0387 0488
5 0025 0481 0610
5 0374 0473 0916
5 0025 0045 0248
5 0006 0051 0387
5 0064 0387 0748
5 0006 0248 0336
5 0006 0326 0722
5 0374 0470 1026
5 0006 0194 0387
5 0006 0025 0156
5 0025 0462 0610
5 0006 0021 0811
5 0006 0021 2072
5 0161 0524 0620
5 0248 0310 0374
5 0034 0387 0815
5 0006 0011 0326
5 0006 0326 0370
5 0003 0025 0164
5 0006 0326 0339
5 0006 0205 1115
5 0006 0326 1102
5 0006 0011 0286
5 0006 0011 0324
5 0006 0326 1010
5 0006 0134 0326
5 0084 0387 3620
5 0003 0051 0387
5 0248 0387 0748
5 0003 0006 0288
5 0006 0374 0748
5 0084 0181 0387
5 0084 0387 0754
5 0084 0387 0784
5 0084 0387 1983
5 0025 0104 0248
5 0025 0248 2218
5 0006 0181 0355
5 0084 0181 0325
5 0025 0395 0481
5 0374 0387 0838
5 0006 0156 4125
5 0025 0181 0706
5 0006 0021 0248
5 0006 0374 0792
5 0006 0946 1585
5 0006 0025 0811
5 0006 1316 2749
5 0326 1316 2749
5 0248 0435 1044
5 0084 0387 2140
5 0025 0387 0473
5 0025 0387 0701
5 0025 0181 0395
5 0084 0387 0473
5 0084 0387 0481
5 0678 0967 1261
5 0025 0387 0496
5 0025 0387 1836
5 0003 0181 0875
5 0025 0181 2238
5 0006 0326 1758
5 0003 0025 0248
5 0003 0006 0374
5 0006 0838 2394
5 0374 0838 2394
5 0006 2848 3647
5 0164 0181 0436
5 0006 0374 0543
5 0006 0194 0326
5 0006 0946 0967
5 0248 1970 3881
5 0025 0248 0339
5 0025 0248 0832
5 0006 0036 0084
5 0181 0706 1620
5 0248 1263 3277
5 0025 0181 0786
5 0045 0248 0473
5 0387 0764 0784
5 0248 0374 0832
5 0006 0039 0084
5 0387 0412 0764
5 0248 0617 0832
5 0248 0832 2478
5 0248 0832 4464
5 0006 0326 1316 2749
5 0025 0387 0496 1836
5 0006 0374 0838 2394
5 0006 0374 0543 0838
5 0006 0025 0374 0838