2452 0105
1168 0234
903 0026
757 0028
527 0441
506 0031
479 0018
400 0253
350 0359
324 0000
304 0757
242 0129
240 0233
228 0255
227 0150
225 0105 0253
188 0196
186 0188
182 0028 0255
173 0105 0441
165 0716
145 0027
143 0282
141 0026 0105
137 1163
135 0294
127 0194
123 0105 0196
120 0183
113 0651
108 0026 0129
99 0105 0129
96 0001
96 0105 0359
90 0158
89 0030
89 0031 0233
87 0031 0757
84 0026 0027
81 0028 0105
79 0676
77 0982
71 0547
70 0276
67 0353
67 0443
65 0211
65 0301
63 0338
63 0105 0194
62 0105 0234
61 0996
60 0035
57 0029
57 0135
57 0811
56 1051
55 0206
54 0105 0282
53 1835
51 0312
51 0554
51 0105 0301
51 0001 0026
49 0121
49 0028 0233
49 0105 0716
49 0105 0338
48 0697
47 0042
47 0550
47 0105 0188
46 0442
46 1506
46 0026 0234
46 0105 0651
45 0030 0031
45 0105 0150
44 0120
43 0005
43 0092
43 0400
43 0027 0105
42 0235
42 0934
42 0105 0255
41 0105 0158
41 0188 0294
40 0404
39 0043
39 1744
38 0340
38 0105 1835
37 0339
37 0105 0294
37 0028 0105 0255
36 0090
36 0162
36 0368
36 0462
36 0253 0441
35 0026 0196
35 0234 0359
35 0105 0404
35 0194 0934
35 0018 0234
34 0072
34 0140
34 0792
34 1153
34 0105 0442
34 0105 0676
34 0129 0253
34 0031 0105
34 0105 1163
33 0342
33 0639
33 0026 0028
33 0234 0441
33 0233 0811
33 0105 0996
32 0164
32 0031 0235
32 0105 0276
32 0031 0811
31 0002
31 0186
31 0280
31 0286
31 0467
31 0594
31 0969
31 1525
31 0026 0253
31 0031 0233 0811
30 0021
30 0556
30 2304
30 0029 0105
30 0028 0294
29 0365
29 0596
29 0600
29 1044
29 1195
29 0000 0183
29 0105 0135
29 0158 0359
28 0011
28 0156
28 0258
28 0325
28 0565
28 1010
28 0105 0462
28 0194 0441
27 0032
27 0718
27 1625
27 2247
27 0105 0211
27 0028 0234
27 0035 0105
27 0105 0339
27 0105 0129 0253
26 0381
26 0450
26 0532
26 0720
26 0105 0982
26 0105 1051
26 0105 0164
26 0042 0105
26 0000 0105
26 0105 0934
25 0073
25 0205
25 0409
25 2524
25 0105 0312
25 0105 0443
25 0026 0031
25 0105 0140
25 0105 1506
25 0105 0253 0441
24 0321
24 0324
24 0408
24 0604
24 1411
24 1992
24 0105 0258
24 0105 0556
24 0092 0105
24 0105 1411
24 0026 0105 0129
23 0299
23 0670
23 0729
23 0767
23 0946
23 1764
23 2406
23 0105 0233
23 0026 0359
23 0255 0294
23 0026 0105 0196
23 0028 0255 0294
23 0105 0194 0934
22 0193
22 0402
22 0512
22 1573
22 1617
22 0253 0716
22 0211 0234
22 0031 1153
22 0028 0183
22 0105 0183
22 0234 1051
22 0234 0253
22 0105 0400
22 0105 0757
21 0082
21 0149
21 0260
21 0405
21 0538
21 0645
21 0694
21 0802
21 1022
21 1155
21 5274
21 0105 0206
21 0105 0280
21 0105 0149
21 0105 1044
20 0023
20 0046
20 0096
20 0139
20 0559
20 0096 0105
20 0105 0697
20 0105 0286
20 0105 0353
20 0105 0340
20 0441 0716
19 0058
19 0083
19 0455
19 0509
19 0653
19 1716
19 2234
19 0018 0105
19 0105 0299
19 0594 1525
19 0129 0234
19 0026 0353
19 0105 0467
19 0105 0969
19 0105 0565
19 0026 0027 0105
18 0037
18 0229
18 0293
18 0398
18 0435
18 0459
18 0571
18 0834
18 1018
18 1691
18 5772
18 0026 0194
18 0105 0554
18 0129 0359
18 0072 0105
18 0028 0031
18 0105 1992
18 0026 0255
18 0028 0129
18 0253 2304
18 0105 0512
17 0127
17 0314
17 0478
17 0490
17 0500
17 0636
17 0782
17 1057
17 1059
17 1096
17 1614
17 2393
17 0027 0028
17 0105 0368
17 0011 0105
17 0359 0368
17 0000 0757
17 0135 0234
17 0150 0234
17 0090 0105
17 0105 1744
16 0063
16 0166
16 0304
16 0348
16 0357
16 0444
16 0449
16 0655
16 0858
16 0947
16 0968
16 1090
16 2570
16 2598
16 0233 0234
16 0105 0729
16 0150 0441
16 0105 0559
16 0105 0186
16 0105 0639
16 0194 0234
16 0026 0029
16 0105 0532
16 0105 0550
16 0028 0982
16 0105 0946
16 0757 5274
16 0441 0934
16 0194 0441 0934
15 0052
15 0097
15 0227
15 0493
15 0494
15 0635
15 0690
15 0878
15 1616
15 1756
15 1829
15 2414
15 0105 0193
15 0031 0234
15 0105 0402
15 0026 0968
15 0043 0105
15 0105 0120
15 0105 0490
15 1163 1756
15 0001 0105
15 0234 0554
15 0234 0716
15 0493 0494
15 0253 0359
15 0026 0028 0255
14 0065
14 0104
14 0151
14 0203
14 0238
14 0266
14 0791
14 0879
14 0893
14 0913
14 1064
14 1219
14 1310
14 1889
14 2101
14 2274
14 2542
14 5660
14 0000 0001
14 0000 0028
14 0234 0676
14 0026 0188
14 0105 0139
14 0757 1625
14 0996 1163
14 0105 0121
14 0000 0234
14 0129 0255
14 0026 0757
14 0000 0026
14 0234 0450
14 0000 0018
14 0188 0234
14 0105 2304
14 2524 5772
14 0028 0129 0255
14 0105 0194 0441
14 0105 0253 0359
13 0017
13 0094
13 0159
13 0195
13 0218
13 0346
13 0380
13 0430
13 0517
13 0587
13 0664
13 0678
13 0680
13 0717
13 0786
13 0840
13 0938
13 1095
13 1381
13 1389
13 1574
13 3857
13 0031 0321
13 0149 0150
13 0150 0651
13 0105 1010
13 0018 0026
13 0031 0792
13 0105 0636
13 0031 1614
13 0651 2598
13 0105 0547
13 0097 0105
13 0183 0234
13 0105 1573
13 0105 0493
13 0105 0494
13 0105 0149 0150
13 0105 0493 0494
12 0089
12 0155
12 0237
12 0427
12 0431
12 0460
12 0472
12 0504
12 0634
12 0818
12 0892
12 0998
12 1062
12 1114
12 1135
12 1141
12 1366
12 2122
12 3599
12 4742
12 0026 0058
12 0026 0121
12 0026 0357
12 0282 0441
12 0105 0435
12 0105 0802
12 0105 0604
12 0002 0031
12 0026 0030
12 0035 0234
12 0234 0400
12 0026 0651
12 0028 0547
12 0005 0105
12 0188 0359
12 0027 0031
12 0105 2393
12 0105 0718
12 0105 0325
12 0105 3599
12 0234 0443
12 0441 1835
12 0021 0105
12 0639 0982
12 0105 3857
12 0105 2247
12 0105 0158 0359
11 0123
11 0167
11 0244
11 0252
11 0259
11 0394
11 0424
11 0583
11 0944
11 1025
11 1070
11 1318
11 1337
11 1507
11 1544
11 1556
11 1615
11 1822
11 1982
11 2045
11 2434
11 2487
11 0026 0282
11 0026 0441
11 0105 0893
11 0253 0404
11 0028 0150
11 0105 0398
11 0026 0294
11 0000 0233
11 0028 0030
11 0129 0196
11 0359 1163
11 0105 0655
11 0105 1195
11 0073 0105
11 0028 0211
11 0031 0547
11 0105 0346
11 0083 0105
11 0255 0982
11 0338 0441
11 0028 0359
11 0359 0441
11 0105 0342
11 0121 0234
11 0105 0596
11 0105 0253 0716
11 0001 0026 0105
11 0028 0255 0982
11 0105 0253 2304
11 0105 0441 0934
11 0105 0194 0441 0934
10 0024
10 0056
10 0070
10 0108
10 0126
10 0168
10 0201
10 0361
10 0375
10 0406
10 0429
10 0533
10 0603
10 0762
10 0863
10 0979
10 1063
10 1093
10 1281
10 1325
10 1408
10 1508
10 1682
10 1842
10 1942
10 2020
10 2336
10 2627
10 3315
10 4110
10 0026 0162
10 0105 1059
10 0105 0594
10 0129 0357
10 0043 0234
10 0105 0694
10 0183 0255
10 0026 0183
10 0253 0276
10 0105 0203
10 0105 0444
10 0105 0509
10 0026 0083
10 0105 0260
10 0280 0441
10 0105 0365
10 0052 0166
10 0026 2406
10 0135 0253
10 0282 0359
10 0353 0359
10 0026 0233
10 0105 2598
10 0105 0459
10 0188 1163
10 0028 0158
10 0105 0938
10 0253 0282
10 0105 1219
10 0105 0234 0441
10 0026 0105 0253
10 0026 0129 0357
10 0026 0105 0359
10 0028 0183 0255
10 0105 0129 0359
10 0105 0651 2598
9 0051
9 0085
9 0136
9 0154
9 0161
9 0230
9 0352
9 0354
9 0385
9 0421
9 0580
9 0584
9 0669
9 0671
9 0725
9 0728
9 0737
9 0790
9 0932
9 1033
9 1040
9 1049
9 1089
9 1128
9 1257
9 1633
9 1645
9 1853
9 1935
9 2074
9 2408
9 2584
9 2677
9 2737
9 2855
9 3059
9 3707
9 0028 0065
9 0105 0195
9 0027 0234
9 0150 0324
9 0026 0443
9 0105 0717
9 0105 0259
9 0105 0205
9 0105 0405
9 0030 0105
9 0105 0408
9 0046 0105
9 0105 0538
9 0565 1257
9 0031 1325
9 0196 0359
9 0234 0255
9 0026 0676
9 0105 0645
9 0105 1090
9 0294 1764
9 0026 1051
9 0026 0792
9 0105 1022
9 0105 0653
9 0294 0359
9 0021 0028
9 0105 0127
9 0056 0105
9 0023 0031
9 0196 0234
9 0105 0500
9 0105 4110
9 0276 0441
9 0253 0338
9 0105 0635
9 0253 0635
9 0105 0201
9 0037 0105
9 0031 0600
9 0253 0294
9 0105 0196 0359
9 0028 0234 0255
9 0026 0129 0234
9 0105 0188 0294
9 0105 0129 0196
9 0105 0253 0338
9 0105 0639 0982
8 0112
8 0204
8 0239
8 0251
8 0283
8 0287
8 0295
8 0307
8 0310
8 0336
8 0366
8 0522
8 0599
8 0602
8 0613
8 0617
8 0621
8 0689
8 0714
8 0754
8 0903
8 0956
8 1012
8 1019
8 1036
8 1076
8 1086
8 1115
8 1121
8 1159
8 1160
8 1206
8 1208
8 1248
8 1289
8 1332
8 1357
8 1419
8 1458
8 1521
8 1676
8 1699
8 1717
8 1730
8 1858
8 1886
8 2011
8 2055
8 2114
8 2148
8 2216
8 2288
8 2335
8 2435
8 2441
8 2528
8 2691
8 2702
8 2925
8 4359
8 5087
8 5489
8 5804
8 0026 0127
8 0194 0196
8 0105 0517
8 0441 0517
8 0554 0596
8 0105 0782
8 0150 0253
8 0026 0092
8 0234 0879
8 0206 0253
8 0105 0634
8 0120 0121
8 0105 0324
8 0105 1155
8 0031 1318
8 0001 0028
8 0105 0238
8 0105 0406
8 1616 1617
8 0105 0571
8 0105 1716
8 0026 0035
8 0031 0186
8 0105 0878
8 0188 0253
8 0026 0467
8 0105 2020
8 0234 0325
8 0359 0554
8 0028 0550
8 0105 2122
8 0441 2122
8 0294 0676
8 0105 1381
8 0105 1408
8 0028 0676
8 0027 0255
8 0105 2677
8 0105 0792
8 0031 2435
8 0105 2737
8 0105 0431
8 0026 0032
8 0026 0205
8 0105 0162
8 0026 0653
8 0105 0472
8 0105 0424
8 0105 0478
8 0105 0381
8 0000 1625
8 0105 1682
8 0105 1057
8 0158 0253
8 0757 5772
8 0105 5489
8 0105 5660
8 0028 0188
8 0129 0441
8 1574 4742
8 0026 0027 0028
8 0105 0194 0196
8 0026 0129 0253
8 0031 0105 0233
8 0026 0129 0196
8 0026 0105 0234
8 0105 0234 0359
8 0026 0105 1051
8 0026 0027 0031
8 0105 0196 0234
8 0105 0129 0441
7 0033
7 0055
7 0062
7 0110
7 0198
7 0200
7 0257
7 0264
7 0296
7 0457
7 0471
7 0497
7 0527
7 0566
7 0573
7 0652
7 0700
7 0705
7 0854
7 0880
7 0943
7 0945
7 0995
7 1052
7 1074
7 1075
7 1094
7 1200
7 1292
7 1360
7 1440
7 1465
7 1481
7 1483
7 1526
7 1529
7 1568
7 1629
7 1929
7 1934
7 1973
7 2028
7 2108
7 2110
7 2174
7 2189
7 2296
7 2433
7 2594
7 3167
7 3560
7 3638
7 4204
7 5471
7 5474
7 8633
7 0441 0442
7 0031 0229
7 0105 0471
7 0026 0571
7 0233 0276
7 0105 0786
7 0105 0497
7 0497 0893
7 0150 0381
7 0398 0716
7 0504 0716
7 0233 0359
7 0105 1141
7 0105 1153
7 0359 0697
7 0105 0944
7 0234 0982
7 0043 0441
7 0026 1044
7 0005 0028
7 0005 0234
7 0105 0293
7 0105 1525
7 0234 1633
7 0234 0357
7 0359 1756
7 0253 0651
7 0234 0381
7 0234 0547
7 0105 0230
7 0234 0697
7 0234 0276
7 0716 2045
7 0253 0402
7 0018 0325
7 0105 0587
7 0105 2234
7 0026 0293
7 0026 0211
7 0105 0429
7 0026 0690
7 0032 0105
7 0105 0227
7 0028 0070
7 0005 0026
7 0105 1257
7 0028 0312
7 0294 0651
7 0105 0204
7 0340 1093
7 0028 0032
7 0105 2101
7 0105 3059
7 0063 0105
7 0028 0162
7 0031 1507
7 0234 0338
7 0105 0728
7 0105 0680
7 0026 0312
7 0105 0252
7 0105 0155
7 0035 0196
7 0031 0129
7 0028 0205
7 0026 0697
7 0234 1160
7 0051 0234
7 0000 0443
7 0105 2074
7 0090 0716
7 0029 0234
7 0253 0462
7 0105 0863
7 0105 4742
7 0105 0600
7 0105 0385
7 5274 5772
7 0282 0716
7 0105 0617
7 0105 0858
7 0234 0294
7 0359 0596
7 0140 0441
7 0201 0512
7 0211 0359
7 0105 0497 0893
7 0105 0253 0404
7 0359 1163 1756
7 0026 0129 0359
7 0105 0565 1257
7 0028 0105 0129
7 0105 0338 0441
7 0035 0105 0196
7 0105 0253 0462
7 0105 0158 0253
7 0757 5274 5772
7 0031 0105 0757
7 0105 0253 0282
7 0105 0253 0294
7 0105 0135 0253
6 0145
6 0160
6 0172
6 0242
6 0379
6 0391
6 0415
6 0461
6 0463
6 0487
6 0574
6 0597
6 0620
6 0631
6 0632
6 0633
6 0675
6 0704
6 0815
6 0849
6 0872
6 0874
6 0889
6 0905
6 0933
6 0961
6 0985
6 1042
6 1120
6 1132
6 1143
6 1197
6 1243
6 1288
6 1331
6 1406
6 1463
6 1494
6 1565
6 1594
6 1602
6 1702
6 1718
6 1774
6 1805
6 1884
6 1984
6 1994
6 2054
6 2082
6 2140
6 2194
6 2209
6 2244
6 2246
6 2284
6 2359
6 2390
6 2394
6 2568
6 2576
6 2786
6 2985
6 3661
6 5085
6 5476
6 6642
6 7602
6 0030 0032
6 0104 0105
6 0026 0135
6 0027 0196
6 0000 0188
6 0000 0293
6 0105 0304
6 0027 0359
6 0105 0449
6 0028 0455
6 0105 0460
6 0001 0234
6 0105 0767
6 0150 0276
6 0026 0791
6 0105 0892
6 0105 0375
6 0105 0903
6 0017 0105
6 0194 0299
6 0085 0105
6 0150 0359
6 0105 0123
6 0105 0998
6 0368 0697
6 0026 0043
6 0194 0359
6 0276 0312
6 0000 0255
6 0234 1022
6 0196 0299
6 0188 0196
6 0001 0353
6 0105 1853
6 0018 0027
6 0026 0073
6 0120 0234
6 0090 0234
6 0105 1764
6 0028 0253
6 0031 0716
6 0188 1764
6 0105 1594
6 0082 0105
6 0105 0409
6 0253 1992
6 0233 0547
6 0026 0154
6 0234 1010
6 0196 0294
6 0105 2542
6 0026 0559
6 0042 0196
6 0105 0237
6 0026 0408
6 0105 1676
6 0028 0029
6 0105 0172
6 0028 1691
6 0233 0600
6 0011 0194
6 0105 0754
6 0017 0026
6 0028 1525
6 0105 1040
6 0105 2568
6 0234 0353
6 0031 1052
6 0031 2985
6 0757 1310
6 0000 0678
6 0105 1096
6 0105 0762
6 0018 0028
6 0105 5085
6 0359 1506
6 0234 1332
6 0354 2570
6 0435 1044
6 0441 1573
6 0757 5471
6 0757 5474
6 0158 0234
6 0234 2627
6 0359 0604
6 0105 4204
6 0441 0462
6 0129 0282
6 0105 2194
6 0000 0359
6 0135 0359
6 0158 0233
6 0757 2524
6 2524 5274
6 0359 0550
6 0234 0596
6 0253 0400
6 0234 0538
6 0105 0689
6 0338 0359
6 0441 0512
6 0158 0441
6 0253 2101
6 0441 2045
6 0105 0361
6 0162 0234
6 0757 1645
6 0026 0400
6 0129 0338
6 0105 1929
6 0028 0443
6 0234 0600
6 0026 1994
6 0105 0108
6 0359 0716
6 0105 1574
6 0026 0027 0196
6 0026 0105 0194
6 0105 0441 0517
6 0105 0150 0441
6 0000 0028 0255
6 0105 0196 0299
6 0001 0026 0353
6 0105 0253 0402
6 0188 0294 1764
6 0188 0294 0359
6 0042 0105 0196
6 0105 0129 0255
6 0026 0028 0129
6 0000 0757 1625
6 0105 0253 0276
6 0757 2524 5274
6 0757 2524 5772
6 2524 5274 5772
6 0105 0441 0716
6 0105 0280 0441
6 0105 0441 1835
6 0105 0129 0338
6 0105 0353 0359
6 0105 0201 0512
6 0105 0188 0253
6 0028 0105 0129 0255
6 0026 0105 0129 0196
6 0757 2524 5274 5772
5 0059
5 0141
5 0142
5 0192
5 0226
5 0261
5 0281
5 0351
5 0378
5 0403
5 0433
5 0489
5 0507
5 0524
5 0553
5 0558
5 0588
5 0593
5 0640
5 0713
5 0715
5 0726
5 0848
5 0910
5 0914
5 0927
5 0937
5 1000
5 1006
5 1069
5 1082
5 1156
5 1181
5 1192
5 1202
5 1256
5 1309
5 1333
5 1377
5 1379
5 1422
5 1429
5 1457
5 1482
5 1537
5 1592
5 1662
5 1687
5 1772
5 1806
5 1810
5 1868
5 1885
5 1900
5 1989
5 1995
5 2027
5 2049
5 2083
5 2167
5 2310
5 2356
5 2362
5 2436
5 2506
5 2526
5 2655
5 2695
5 2857
5 2879
5 2913
5 2982
5 3007
5 3010
5 3016
5 3093
5 3460
5 3565
5 3602
5 3606
5 3651
5 3656
5 3993
5 4037
5 4266
5 4525
5 4782
5 4987
5 5338
5 5458
5 5724
5 5764
5 5809
5 5984
5 6389
5 6581
5 7362
5 8695
5 8700
5 9835
5 0023 0024
5 0023 0026
5 0026 0094
5 0105 0403
5 0105 0450
5 0105 0461
5 0105 0613
5 0026 0639
5 0105 0714
5 0194 0253
5 0105 0725
5 0188 0729
5 0150 0767
5 0441 0767
5 0031 0276
5 0031 0435
5 0150 0233
5 0150 0286
5 0120 0253
5 0028 0381
5 0282 0651
5 0026 1010
5 0031 0359
5 0312 0359
5 0028 1063
5 0234 0792
5 0105 0266
5 0105 1025
5 0282 0348
5 0026 1381
5 0253 1044
5 0105 0791
5 0120 0276
5 0550 0757
5 0031 1482
5 0105 1526
5 0026 0321
5 0031 1089
5 0129 0791
5 0000 0276
5 0028 0276
5 0028 0554
5 0234 1163
5 0121 0359
5 0105 0874
5 0188 0211
5 0105 0348
5 0188 0651
5 0105 0834
5 0018 1842
5 0234 0934
5 0001 1070
5 0026 0444
5 0253 0260
5 0253 0969
5 0253 0449
5 0105 0678
5 0234 0409
5 0105 2148
5 0253 0258
5 0183 0294
5 0000 0639
5 0105 1973
5 0105 1822
5 0105 2288
5 0253 0280
5 0282 0443
5 0026 0340
5 0026 0342
5 0282 0301
5 0253 1829
5 0026 1617
5 0105 0235
5 0105 0126
5 0105 2524
5 0031 2576
5 0028 2414
5 0105 1529
5 0028 1163
5 0028 1064
5 0255 1064
5 0234 0301
5 0234 0339
5 0105 1389
5 0359 0408
5 0026 0150
5 0129 0792
5 0120 0359
5 0105 2274
5 0031 0092
5 0150 0282
5 0105 2855
5 0026 0161
5 0105 1093
5 0042 2393
5 0105 2925
5 0105 1018
5 0105 0720
5 0105 0167
5 0105 1984
5 0030 1507
5 0105 2528
5 0150 1195
5 0229 1691
5 0156 0183
5 0028 0651
5 0234 0670
5 0150 1525
5 0301 0442
5 0026 1153
5 0150 0443
5 0105 1132
5 0105 0583
5 0027 0441
5 0757 1163
5 0031 1645
5 0294 1163
5 0718 1163
5 0105 0200
5 0339 0441
5 0028 0594
5 0002 1163
5 0538 0716
5 0253 0339
5 0105 1076
5 0757 1691
5 0096 0338
5 0234 0651
5 0105 2702
5 0105 2487
5 0234 0340
5 0441 1506
5 0105 0307
5 0105 0573
5 0188 3707
5 0026 0193
5 0234 0645
5 0105 2570
5 0018 1995
5 0253 0353
5 0194 0716
5 0234 1506
5 0234 0550
5 0286 0441
5 0105 1858
5 0028 0670
5 0028 1764
5 0072 0253
5 0194 0338
5 0338 0934
5 0381 0441
5 0105 2857
5 0026 0982
5 0234 0818
5 0105 1049
5 0757 0982
5 0031 0913
5 0233 1525
5 0028 0196
5 0028 0164
5 0441 1163
5 0028 1744
5 0105 2434
5 0166 0234
5 0028 0301
5 0028 0441
5 0105 2691
5 0028 1022
5 0000 0156
5 0156 0234
5 0188 0694
5 0234 0286
5 0090 0441
5 0188 0443
5 0253 2247
5 0105 0160
5 0234 1195
5 0716 8633
5 0105 0507
5 0716 5804
5 0834 3315
5 0105 5809
5 0105 5804
5 0105 1521
5 0359 1835
5 0359 0404
5 0105 0251
5 0037 0554
5 0193 0253
5 0082 0234
5 0105 0194 0299
5 0359 0368 0697
5 0105 0276 0312
5 0105 0234 0253
5 0028 0105 0253
5 0105 0282 0301
5 0105 0196 0294
5 0028 0255 1064
5 0026 0029 0105
5 0030 0031 1507
5 0011 0105 0194
5 0026 0129 0255
5 0026 0031 0129
5 0027 0028 0255
5 0105 0339 0441
5 0096 0105 0338
5 0105 0996 1163
5 0105 0435 1044
5 0105 0194 0338
5 0105 0338 0359
5 0105 0338 0934
5 0194 0338 0934
5 0105 0441 0512
5 0028 0105 0196
5 0026 0083 0105
5 0028 0031 0233
5 0105 0359 0441
5 0105 0359 0404
5 0359 0554 0596
5 0105 1574 4742
5 0105 0193 0253
5 0026 0028 0129 0255
5 0105 0194 0338 0934
4 0019
4 0039
4 0081
4 0086
4 0232
4 0236
4 0250
4 0256
4 0316
4 0318
4 0319
4 0320
4 0364
4 0395
4 0410
4 0437
4 0502
4 0513
4 0518
4 0537
4 0560
4 0662
4 0663
4 0693
4 0710
4 0712
4 0743
4 0749
4 0788
4 0814
4 0856
4 0951
4 0955
4 10029
4 1011
4 1014
4 1038
4 1046
4 1066
4 10888
4 1100
4 1102
4 1109
4 1123
4 1131
4 1133
4 1136
4 1147
4 1151
4 1164
4 1167
4 1179
4 1180
4 1190
4 1227
4 1264
4 1272
4 1276
4 1282
4 1284
4 1293
4 1330
4 1338
4 1375
4 1394
4 1423
4 1426
4 1493
4 1553
4 1596
4 1599
4 1604
4 1626
4 1638
4 1641
4 1648
4 1657
4 1666
4 1679
4 1715
4 1728
4 1815
4 1872
4 1921
4 1947
4 1951
4 1955
4 2031
4 2096
4 2097
4 2105
4 2149
4 2193
4 2202
4 2260
4 2261
4 2289
4 2300
4 2332
4 2344
4 2357
4 2372
4 2381
4 2451
4 2498
4 2559
4 2574
4 2583
4 2697
4 2718
4 2768
4 2771
4 2800
4 2837
4 2848
4 2943
4 3004
4 3046
4 3089
4 3122
4 3155
4 3174
4 3223
4 3234
4 3348
4 3376
4 3433
4 3770
4 3834
4 3885
4 4028
4 4082
4 4172
4 4741
4 4774
4 4928
4 4986
4 4999
4 5164
4 5196
4 5447
4 5510
4 5544
4 5637
4 5829
4 6315
4 6623
4 6661
4 6762
4 6766
4 6831
4 6877
4 6902
4 6990
4 7019
4 7039
4 7121
4 7204
4 7535
4 7869
4 9164
4 9615
4 9838
4 0023 0027
4 0023 0028
4 0031 0032
4 0193 0196
4 0026 0287
4 0000 0294
4 0026 0299
4 0258 0403
4 0312 0441
4 0368 0441
4 0105 0553
4 0028 0636
4 0105 0640
4 0105 0715
4 0253 0767
4 0031 0150
4 0031 0671
4 0276 0286
4 0105 0504
4 0234 0996
4 0205 0234
4 0235 0321
4 0105 1042
4 0194 0301
4 0105 0421
4 0120 0233
4 0255 1063
4 0105 0985
4 0105 1100
4 0196 0757
4 0031 0052
4 0324 1141
4 0031 1151
4 1179 1180
4 0105 0737
4 0105 1063
4 0105 1337
4 0031 0354
4 0026 1379
4 0005 0255
4 0120 0150
4 0000 0550
4 0031 0937
4 0027 0183
4 0105 0218
4 0255 0276
4 0234 1617
4 0083 0234
4 0188 0206
4 0188 1716
4 0035 0135
4 0196 0353
4 0000 0062
4 0030 0234
4 0026 1716
4 0026 0276
4 0026 0782
4 0018 0188
4 0253 0435
4 0026 1070
4 0105 1494
4 0028 0556
4 0073 0234
4 0509 0878
4 0164 0253
4 0164 0441
4 0260 0441
4 0105 1102
4 0046 2122
4 0339 0340
4 0105 2149
4 0028 0402
4 0105 0932
4 0188 0676
4 0105 0295
4 0234 1018
4 0105 2246
4 0105 0415
4 0092 0234
4 0234 0394
4 0026 0280
4 0276 0509
4 0105 1082
4 0105 0264
4 0105 2390
4 0301 0757
4 0757 2234
4 0162 0282
4 0162 0409
4 0234 1289
4 0026 1616
4 0031 1616
4 0031 1617
4 0105 0602
4 0136 0234
4 0441 2526
4 0105 1617
4 1288 1617
4 0255 2414
4 0026 0645
4 0026 1565
4 0105 2028
4 0026 0442
4 0255 0676
4 0359 1616
4 0105 0910
4 0028 0596
4 0129 0565
4 0028 0304
4 0161 0620
4 0400 1010
4 0105 1942
4 0026 0120
4 0151 0441
4 0001 0188
4 0150 0340
4 0150 1121
4 0150 1508
4 0026 0718
4 0105 1544
4 0301 2837
4 0105 0621
4 0105 0156
4 0105 1019
4 0105 0166
4 0001 0196
4 0105 0394
4 0255 0547
4 0028 1481
4 0105 1200
4 0314 0757
4 0196 1163
4 0183 0365
4 0105 0457
4 0092 0196
4 0150 1076
4 0105 3016
4 0234 2702
4 0105 3155
4 0031 1272
4 0026 0338
4 0105 1075
4 0026 0565
4 0105 1616
4 0196 1408
4 0028 0229
4 1163 1744
4 0028 0694
4 0035 0353
4 0301 0441
4 0139 0442
4 0011 0286
4 0353 0651
4 0234 1835
4 0105 0566
4 0255 0359
4 0233 0310
4 0105 1366
4 0105 0261
4 0129 0294
4 0105 0947
4 0105 1064
4 0026 1506
4 0105 0945
4 0105 0537
4 0234 1419
4 0026 1625
4 0026 0818
4 1163 1625
4 0011 0028
4 0035 0188
4 0031 0653
4 0042 0234
4 0234 0237
4 0031 0651
4 0031 1615
4 0031 0636
4 0105 1625
4 0105 0229
4 0135 0282
4 0026 0168
4 0150 0260
4 0234 0260
4 0253 1744
4 0026 2584
4 0105 2584
4 0338 1835
4 0234 4266
4 0046 0234
4 0234 0336
4 0105 0574
4 0105 0995
4 0028 0035
4 0234 4774
4 0105 1292
4 0105 4782
4 0000 0455
4 0028 0227
4 0234 0811
4 0018 0380
4 0234 2101
4 0018 0186
4 0000 0194
4 0018 0443
4 0018 0183
4 0234 1044
4 0716 0934
4 0463 0757
4 0463 5471
4 0463 5474
4 5471 5474
4 0029 0253
4 0253 1506
4 0340 0680
4 0441 2304
4 0234 1057
4 0105 0814
4 0105 4172
4 0398 1858
4 0031 1206
4 0129 0233
4 0105 0815
4 0253 2855
4 0135 0194
4 0105 1121
4 0018 0196
4 0018 0233
4 0359 0645
4 0218 0234
4 0105 5338
4 0188 5338
4 0253 0299
4 0253 1886
4 1573 2045
4 0028 0282
4 0000 0196
4 0028 1389
4 0255 1389
4 0089 0105
4 0105 0455
4 0233 0594
4 0105 0151
4 0105 1128
4 0195 0441
4 0359 0594
4 0105 0956
4 0105 1679
4 0105 3315
4 0449 2304
4 0359 2274
4 0211 0253
4 0556 0716
4 0716 0854
4 0028 0400
4 0129 0321
4 0028 1096
4 0026 0409
4 0234 0757
4 0982 1163
4 0129 0651
4 0028 0442
4 0000 0129
4 0065 0255
4 0105 1062
4 0028 0314
4 0233 1114
4 0121 0129
4 0129 1506
4 0206 1506
4 0105 0849
4 0105 0603
4 0105 3010
4 0105 0879
4 0196 0282
4 0105 2140
4 0359 0680
4 0105 0705
4 0547 0757
4 0105 6389
4 0104 0234
4 0105 2189
4 0253 1835
4 0026 2247
4 0188 0913
4 0105 5458
4 0105 2786
4 0716 2786
4 2786 5804
4 0105 0854
4 0105 1094
4 0253 0934
4 0441 1458
4 0105 1805
4 1805 3059
4 0183 3638
4 0234 4359
4 0105 1889
4 0121 0253
4 0105 8700
4 0105 0670
4 0716 1835
4 0105 0788
4 0253 0554
4 0253 9838
4 2304 9838
4 0028 2288
4 1281 1744
4 0105 0193 0196
4 0026 0194 0196
4 0027 0105 0196
4 0105 0258 0403
4 0105 0368 0441
4 0105 0194 0253
4 0105 0188 0729
4 0031 0233 0276
4 0028 0150 0381
4 0026 0188 0294
4 0031 0235 0321
4 0028 0255 1063
4 0105 0253 1044
4 0105 0120 0276
4 0105 0594 1525
4 0026 0129 0791
4 0028 0255 0276
4 0026 0234 0357
4 0129 0234 0357
4 0026 0035 0105
4 0026 0105 0135
4 0105 0129 0234
4 0105 0188 0196
4 0105 0196 0353
4 0194 0234 0934
4 0105 0164 0253
4 0105 0164 0441
4 0105 0253 0260
4 0105 0253 0969
4 0046 0105 2122
4 0105 0441 2122
4 0105 0339 0340
4 0028 0211 0234
4 0105 0253 0280
4 0105 0253 1992
4 0031 0233 0547
4 0105 0301 0757
4 0026 0031 0792
4 0026 0030 0105
4 0028 0255 0676
4 0001 0026 0188
4 0105 0188 0359
4 0105 0294 0359
4 0001 0026 0196
4 0026 0105 0559
4 0042 0105 2393
4 0105 0196 1163
4 0026 0092 0105
4 0092 0105 0196
4 0105 0301 0442
4 0028 0255 0359
4 0028 0594 1525
4 0105 0441 1506
4 0000 0001 0026
4 0463 0757 5471
4 0463 0757 5474
4 0463 5471 5474
4 0757 5471 5474
4 0105 0340 0680
4 0105 0253 0635
4 0000 0183 0234
4 0105 0282 0359
4 0105 0282 0441
4 0441 1573 2045
4 0158 0253 0359
4 0028 0255 1389
4 0233 0594 1525
4 0028 0105 0294
4 0105 0255 0294
4 0028 0105 0164
4 0105 0206 0253
4 0105 0211 0253
4 0028 0105 0550
4 0026 0129 0321
4 0028 0065 0255
4 0105 0253 0400
4 0026 0105 0651
4 0188 0234 0294
4 0105 0196 0282
4 0105 0359 1506
4 0031 0547 0757
4 0105 0253 1835
4 0716 2786 5804
4 0105 0129 0282
4 0028 0188 0294
4 0188 0253 0294
4 0211 0234 0359
4 0105 0716 1835
4 0253 2304 9838
4 0253 0441 0716
4 0026 0027 0105 0196
4 0026 0105 0194 0196
4 0026 0105 0129 0253
4 0026 0129 0234 0357
4 0463 0757 5471 5474
4 0105 0158 0253 0359
4 0028 0105 0255 0294