1345 0382
1337 0190
1114 0397
865 0118
855 0298
796 0122
749 0225
720 0458
626 0149
606 0093
606 0723
599 0066
594 0152
490 0137
489 0418
481 0174
476 0479
475 0190 0397
448 0526
396 0177
389 0098
366 0138
353 0338
336 0407
327 0007
320 0096
318 0083
316 0245
307 0797
303 0045
282 0559
282 0752
276 0442
276 0474
276 0745
271 0453
263 1201
261 0284
255 0362
245 0755
239 0225 0407
227 0422
225 0134
225 0447
223 0211
221 0563
219 0525
218 0501
212 0027
212 0194
209 1832
207 0180
206 0164
205 0205
203 0416
203 0382 0723
201 0298 1832
195 0117
193 0098 0118
191 0376
190 1044
188 1119
187 0116
182 0942
181 0276
179 0056
178 0284 0298
173 0576
165 0330
165 1263
164 0225 0382
162 0078
161 0543
160 0424
160 0382 0407
157 0193
156 0731
155 0987
151 1022
142 0011
142 0909
141 0443
141 0537
140 0495
140 0617
138 0655
135 0973
134 0435
134 0832
134 1083
133 0162
129 0827
127 0382 0422
126 0394
126 0400
124 0009
124 0085
124 0487
124 0601
123 0225 0382 0407
121 0187
119 0032
119 0195
119 0250
119 0415
119 0492
118 0099
118 0436
118 0626
118 1183
117 0204
117 0573
116 0500
114 0258
111 0355
110 0339
110 1789
108 1259
107 0043
107 0490
106 0590
105 0034
105 0240
104 0040
102 1219
99 0656
98 0718
96 1113
95 0272
95 0370
95 1048
94 0554
94 1050
93 0057
93 0237
93 1125
92 0046
92 0618
92 0792
92 1397
91 0021
91 0183
91 0397 0418
90 0621
90 0830
89 0092
89 0336
89 0395
89 0708
89 0190 0376
88 0244
88 0332
88 0565
86 0661
86 0748
86 0914
86 1835
85 0285
84 0591
83 0642
83 1650
83 0152 1113
82 0867
82 1043
81 0191
81 0858
81 1010
81 1611
80 0266
80 0610
79 0188
79 0293
79 0568
79 0619
79 0721
79 0397 0479
78 0051
78 0488
78 0509
77 0393
77 0426
77 0478
77 1264
77 0422 0723
76 0089
76 0260
76 1102
76 2478
75 0457
75 1026
75 1261
74 0233
74 0846
73 0524
73 0594
72 0104
72 0136
72 0421
72 0444
72 0934
72 1029
72 1320
72 0164 0436
71 0335
70 0147
70 0340
70 0754
70 0761
69 0730
69 0838
69 0850
69 1049
69 0435 1044
68 0385
68 0697
68 1127
67 0286
67 0325
67 0762
67 0829
67 3530
66 1393
65 1160
64 0337
64 0368
64 0786
64 0891
64 0893
64 1419
63 0050
63 0090
63 0507
63 0690
63 0881
62 0296
62 0706
62 0903
62 0974
62 1975
62 2896
61 0029
61 0081
61 0123
61 0676
61 0818
61 0956
61 0122 0382
60 0139
60 0499
60 0532
60 0995
59 0929
59 1976
59 2096
59 2568
58 0115
58 0282
58 0677
58 0804
57 0346
57 0625
57 0645
57 0917
57 1573
57 0096 0397
57 0942 2896
57 0382 0458
56 0186
56 0427
56 0664
56 1227
56 3339
56 0099 0723
55 0100
55 0108
55 2065
54 0369
54 0423
54 0194 0934
53 0306
53 0404
53 0749
53 0913
53 0083 0225
53 0149 0180
53 0382 0479
52 0037
52 0052
52 0238
52 0408
52 1836
51 0874
51 1175
51 1525
51 0066 0400
50 0064
50 0252
50 0471
50 0734
50 1588
50 0382 0526
49 0017
49 0261
49 0648
49 0889
49 0950
49 1585
49 0190 0479
49 0174 0474
49 0298 0382
49 0118 0723
49 0382 0422 0723
48 0008
48 0523
48 1744
48 1810
48 2836
48 0066 0362
47 0227
47 0713
47 1041
47 1942
47 1983
47 0099 0382
46 0039
46 0288
46 0353
46 0379
46 0459
46 0571
46 0796
46 0892
46 1218
46 1834
46 1885
46 1889
46 1964
46 0796 0797
46 0083 0723
45 0429
45 0711
45 0982
45 1025
45 1073
45 1402
45 0118 0174
45 0298 0755
44 0519
44 0587
44 0790
44 0880
44 0940
44 1345
43 0496
43 0560
43 1676
43 1691
42 0030
42 0334
42 0547
42 0623
42 0691
42 0782
42 0828
42 2302
42 2665
42 0422 0423
42 0298 1050
42 0590 0591
42 0099 0382 0723
41 0097
41 0159
41 0378
41 0432
41 0467
41 0491
41 0544
41 0596
41 0791
41 1057
41 1597
41 2130
41 2677
41 2922
41 3277
41 0225 0526
40 0087
40 0431
40 0679
40 1120
40 1908
40 1992
40 0118 0187
40 0496 1836
40 0118 0382
40 0117 0458
39 0073
39 0158
39 0437
39 0603
39 0985
39 1500
39 1997
39 2181
39 0245 0723
39 0382 1320
38 0063
38 0497
38 0566
38 0638
38 1451
38 1496
38 1532
38 1901
38 3168
38 3554
38 0137 0797
37 0247
37 0602
37 0770
37 0978
37 2070
37 0397 0457
37 0479 0544
37 0118 0474
37 0066 0987
37 0096 0190
37 0066 0850
37 0458 1263
37 0497 0893
37 0594 1525
36 0127
36 0410
36 0469
36 0498
36 0518
36 1004
36 1248
36 1423
36 2303
36 2834
36 3501
36 0066 0537
36 0096 0338
36 0152 0382
36 0298 0723
36 0298 0458
36 0093 0118
35 0639
35 0767
35 0937
35 1151
35 1353
35 1358
35 1572
35 2037
35 2068
35 4019
35 0174 0330
35 0190 0382
35 0458 1611
34 0044
34 0086
34 0155
34 0229
34 0269
34 0357
34 0514
34 0538
34 0600
34 0620
34 0640
34 0653
34 1316
34 1809
34 1815
34 2092
34 2145
34 2833
34 0382 0525
34 0122 0190
34 0526 0691
34 0093 0233
34 0045 0298
34 0397 0590
34 1263 3277
33 0167
33 0215
33 0552
33 0579
33 1069
33 1144
33 1216
33 1383
33 1518
33 1821
33 2028
33 2260
33 2331
33 2711
33 2848
33 3584
33 4192
33 5949
33 0149 0162
33 0098 0187
33 0382 0745
33 0382 0423
32 0316
32 0319
32 0398
32 0715
32 0969
32 1096
32 1211
32 1262
32 1314
32 1350
32 1440
32 1565
32 1607
32 2544
32 2809
32 2866
32 3078
32 3677
32 5447
32 0045 0180
31 0062
31 0140
31 0312
31 0315
31 0428
31 0557
31 0849
31 0887
31 0996
31 1012
31 1064
31 1377
31 1537
31 1622
31 1727
31 1970
31 3235
31 3312
31 0093 0298
31 0362 0723
31 0190 1160
31 0418 0626
30 0035
30 0166
30 0329
30 0570
30 0673
30 0760
30 0826
30 0851
30 0912
30 0946
30 1374
30 1495
30 1936
30 1986
30 2098
30 2290
30 2594
30 2702
30 2978
30 3647
30 4109
30 0190 0457
30 0149 0382
30 0118 0752
30 0382 0797
30 0152 0797
29 0200
29 0450
29 0463
29 0541
29 0581
29 0681
29 0694
29 0766
29 0820
29 0930
29 1100
29 1396
29 1418
29 1777
29 1855
29 1897
29 1923
29 2072
29 2101
29 2570
29 3834
29 0397 0416
29 0137 0237
29 0298 0617
29 0187 0225
29 0098 0118 0187
28 0151
28 0161
28 0693
28 0747
28 0959
28 0961
28 1136
28 1313
28 1837
28 1919
28 1959
28 2042
28 2235
28 2659
28 3263
28 4179
28 4358
28 0190 0487
28 0828 0829
28 0066 0418
28 0447 0565
28 0397 0591
28 0245 0298
28 0338 0397
28 0190 0397 0457
27 0065
27 0153
27 0172
27 0381
27 0483
27 0504
27 0522
27 0533
27 0649
27 0751
27 0837
27 0919
27 0944
27 1047
27 1071
27 1110
27 1285
27 1389
27 1448
27 1452
27 2252
27 2304
27 2785
27 8665
27 0066 0122
27 0418 0525
27 0117 1975
27 0118 0458
27 0723 1259
27 0190 1044
27 0096 0190 0397
26 0207
26 0350
26 0406
26 0446
26 0583
26 0815
26 0860
26 1118
26 1225
26 1529
26 1957
26 2026
26 2624
26 2745
26 3103
26 3426
26 0382 0453
26 0723 0797
26 0458 0818
26 0397 0621
26 0382 1832
26 0458 0723
26 0382 1201
26 0382 2302
26 0118 3554
26 0298 0382 1832
26 0382 0422 0423
25 0020
25 0113
25 0201
25 0433
25 0605
25 0669
25 0726
25 0777
25 0976
25 1213
25 1512
25 1561
25 1874
25 1938
25 2054
25 2393
25 2581
25 3143
25 3922
25 4049
25 0284 0285
25 0190 0250
25 0138 0205
25 0394 0565
25 0723 1832
25 0174 0397
25 0397 1044
25 0422 1320
25 0298 0723 1832
24 0012
24 0047
24 0135
24 0168
24 0226
24 0235
24 0324
24 0367
24 0430
24 0502
24 0608
24 0646
24 0650
24 0871
24 0924
24 0932
24 0938
24 1015
24 11687
24 1279
24 1616
24 1638
24 1765
24 2156
24 2218
24 2253
24 2373
24 2894
24 3094
24 0052 0166
24 0118 0298
24 0083 0526
24 0098 0225
24 0395 0397
24 0382 0442
24 0092 0190
24 0118 0122
24 0149 0447
24 0446 0447
24 0118 0730
23 0094
23 0489
23 0515
23 0527
23 0553
23 0582
23 0780
23 0921
23 1101
23 1382
23 1533
23 1603
23 1683
23 1823
23 1869
23 2120
23 2524
23 2807
23 2943
23 4180
23 5489
23 0066 0447
23 0204 0397
23 0397 0474
23 0149 0190
23 0791 0792
23 0122 0397
23 0382 0559
23 0137 0152
23 0177 1219
23 0397 0745
23 0118 0149
22 0053
22 0112
22 0126
22 0280
22 0342
22 0351
22 0460
22 0468
22 0539
22 0606
22 0776
22 0872
22 0908
22 1023
22 1196
22 1435
22 1506
22 1508
22 1594
22 1771
22 1851
22 1856
22 2108
22 2274
22 2433
22 2564
22 2755
22 2843
22 3221
22 3606
22 4046
22 4158
22 5074
22 0118 0147
22 0190 0191
22 0083 0190
22 0149 0418
22 0152 0723
22 0066 0149
22 0066 0397
22 0122 0745
22 0093 0382
22 0118 0204
22 0177 0298
22 0009 1393
22 0174 0190
22 0164 0382
22 0338 0573
22 0078 0576
22 0298 0752
21 0331
21 0365
21 0683
21 0687
21 0788
21 0807
21 0839
21 0875
21 0989
21 0994
21 1217
21 1267
21 1326
21 1479
21 1504
21 1557
21 1673
21 1734
21 1754
21 1758
21 1900
21 1906
21 1940
21 2195
21 3181
21 4110
21 7905
21 9034
21 0093 0190
21 0011 0138
21 0190 0690
21 0382 0418
21 0152 0563
21 0174 0382
21 0942 3103
21 0298 0987
21 0122 0177
21 0122 0418
21 0525 0723
21 0245 0418
21 0422 2302
21 0415 0832
21 0190 0397 0479
20 0024
20 0120
20 0203
20 0348
20 0465
20 0574
20 0593
20 0651
20 0652
20 0702
20 0728
20 0781
20 0805
20 0840
20 0918
20 0926
20 1155
20 1167
20 1321
20 1342
20 1514
20 1570
20 1584
20 1617
20 1726
20 2105
20 2296
20 2548
20 2638
20 2770
20 2928
20 3017
20 3437
20 4114
20 4719
20 5153
20 5481
20 0011 0286
20 0250 0397
20 0093 0397
20 0118 0973
20 0459 0526
20 0078 0137
20 0190 2260
20 0723 1320
20 0458 4019
20 0458 0501
20 0397 1183
20 0177 1225
20 0116 0837
20 0723 1938
19 0002
19 0214
19 0251
19 0320
19 0414
19 0564
19 0720
19 0742
19 0816
19 0824
19 0833
19 0854
19 0915
19 1017
19 1094
19 1166
19 1232
19 1371
19 1430
19 1465
19 1475
19 1666
19 1824
19 1881
19 1927
19 1950
19 2015
19 2084
19 2674
19 3939
19 4242
19 5060
19 5740
19 0066 0177
19 0188 0190
19 0118 0338
19 0190 0590
19 0007 0190
19 0418 0827
19 0180 0382
19 0152 0444
19 0152 0298
19 0043 0152
19 0190 0282
19 0382 0394
19 0245 1832
19 0298 2092
19 0576 2130
19 0298 1201
19 0458 1201
19 0117 0908
19 0149 0272
19 0093 0474
19 2848 3647
19 0382 0661
19 0474 4179
19 0442 0576
19 0083 0382
19 0118 0422
19 0118 1650
19 1044 9034
19 0397 0590 0591
19 0245 0298 1832
19 0382 0422 1320
18 0042
18 0242
18 0321
18 0412
18 0580
18 0660
18 0680
18 0703
18 0733
18 0802
18 0844
18 0873
18 0951
18 1084
18 1085
18 1098
18 1153
18 1181
18 1260
18 1318
18 1568
18 1719
18 1761
18 1922
18 2381
18 2388
18 2434
18 2743
18 2870
18 2925
18 3046
18 3536
18 3798
18 4381
18 0188 0397
18 0190 0298
18 0190 0276
18 0422 0526
18 0190 0204
18 0066 0190
18 0194 0298
18 0093 0276
18 0177 0650
18 0098 1160
18 0027 0066
18 0045 0190
18 0152 1821
18 0190 0193
18 0096 0225
18 0397 0754
18 0174 0418
18 0797 1219
18 0164 0225
18 0376 0382
18 0397 0500
18 0134 0382
18 0382 0909
18 0610 0846
18 0458 0618
18 0093 0458
17 0055
17 0121
17 0128
17 0202
17 0230
17 0257
17 0352
17 0405
17 0636
17 0705
17 0714
17 0729
17 0756
17 0981
17 0998
17 1005
17 1019
17 1051
17 1072
17 1174
17 1185
17 1344
17 1360
17 1467
17 1590
17 1649
17 1715
17 1794
17 1846
17 1861
17 1880
17 1929
17 1931
17 1978
17 2238
17 2404
17 2505
17 2508
17 2608
17 2727
17 2913
17 4297
17 4464
17 5527
17 5718
17 0117 0118
17 0032 0137
17 0186 0225
17 0600 0601
17 0382 1004
17 0098 0147
17 0161 0524
17 0161 0620
17 0007 0137
17 0501 0723
17 0190 0745
17 1832 2092
17 0298 2156
17 0488 1183
17 0098 0164
17 0225 1259
17 0138 1263
17 0093 0122
17 0225 0453
17 0284 0987
17 0149 3677
17 0093 0174
17 0336 0397
17 0418 0453
17 0193 0338
17 0382 0656
17 0225 0492
17 0338 0382
17 0880 0881
17 0083 0298
17 0083 0407
17 0118 8665
17 1650 3554
17 0526 0903
17 0098 0118 0147
17 0298 1832 2092
16 0114
16 0212
16 0216
16 0301
16 0512
16 0588
16 0599
16 0675
16 0834
16 0841
16 0904
16 0911
16 0975
16 1141
16 1163
16 1247
16 1330
16 1507
16 1523
16 1541
16 1575
16 1602
16 1620
16 1911
16 2126
16 2294
16 2673
16 3583
16 4136
16 4509
16 5490
16 0066 0078
16 0298 0397
16 0395 0479
16 0382 0523
16 0422 0525
16 0190 0559
16 0190 0571
16 0397 0571
16 0457 0571
16 0298 0416
16 0397 0751
16 0474 0846
16 0066 0858
16 0205 0903
16 0027 0190
16 0100 1175
16 0827 1267
16 0524 0620
16 0122 0458
16 0190 0621
16 0190 0339
16 0397 0400
16 0193 0397
16 0376 0723
16 0298 0453
16 0164 0288
16 0180 0416
16 0177 0418
16 0118 0442
16 0225 0797
16 0138 0797
16 0118 0755
16 0418 3530
16 0458 4114
16 0122 0164
16 0376 0479
16 0397 0453
16 0382 0492
16 0463 0474
16 0463 4179
16 0193 0382
16 0261 0458
16 0161 0524 0620
16 0284 0298 0987
16 0463 0474 4179
16 0382 0422 2302
16 0382 0723 1320
16 0083 0225 0407
15 0001
15 0095
15 0189
15 0206
15 0218
15 0268
15 0295
15 0377
15 0814
15 0939
15 1035
15 1076
15 1080
15 1090
15 1121
15 1146
15 1289
15 1406
15 1625
15 1629
15 1647
15 1688
15 1699
15 2073
15 2074
15 2114
15 2142
15 2172
15 2186
15 2189
15 2202
15 2234
15 2293
15 2482
15 2572
15 2737
15 2768
15 3093
15 3624
15 3799
15 3880
15 4401
15 5417
15 7375
15 7814
15 0085 0362
15 0177 0190
15 0429 0430
15 0211 0298
15 0397 0568
15 0081 0122
15 0149 0490
15 0458 0752
15 0400 0858
15 0083 0422
15 0152 0422
15 0118 0492
15 0276 0397
15 0137 0235
15 0093 0152
15 0138 0152
15 0007 0122
15 0152 0974
15 0152 0526
15 0225 0442
15 0416 0479
15 0407 0526
15 0174 0298
15 0298 0797
15 0245 2092
15 0183 0225
15 0288 0436
15 0648 0755
15 0418 0909
15 0225 1022
15 0362 0909
15 0298 2833
15 0478 0718
15 0177 0382
15 0118 0416
15 0397 0408
15 0190 0443
15 0382 1983
15 0174 0458
15 0458 1264
15 0458 0526
15 0078 0382
15 0422 0501
15 0118 0174 0474
15 0152 0382 0723
15 0164 0288 0436
14 0145
14 0182
14 0361
14 0670
14 0686
14 0916
14 1088
14 1112
14 1149
14 1191
14 1246
14 1266
14 1381
14 1610
14 2041
14 2100
14 2106
14 2128
14 2151
14 2312
14 2432
14 2954
14 3004
14 3239
14 3279
14 4380
14 4944
14 5279
14 5585
14 5601
14 0149 0174
14 0027 0298
14 0066 0225
14 0336 0338
14 0346 0395
14 0479 0543
14 0046 0149
14 0474 0479
14 0191 0767
14 0190 0790
14 0190 0205
14 0194 0487
14 0138 0296
14 0190 0797
14 0118 0240
14 0298 1263
14 0190 1344
14 0096 1183
14 0525 0797
14 0619 0942
14 0942 1523
14 0066 0152
14 0149 0225
14 0045 0397
14 0298 1102
14 0442 0617
14 0407 0723
14 0190 0591
14 0118 0293
14 0066 0093
14 0116 0576
14 0134 0149
14 0190 0338
14 0190 1183
14 0397 0610
14 0149 0559
14 0338 0474
14 0122 0559
14 0007 0032
14 0458 2070
14 0316 1691
14 0190 2978
14 0011 0718
14 1119 1419
14 0118 0225
14 0458 1125
14 0118 0487
14 0298 0415
14 0118 0526
14 0122 0362
14 0418 1402
14 0525 1219
14 0045 0355
14 0543 2848
14 0543 3647
14 0543 0838
14 0118 1044
14 0276 0382
14 0118 0355
14 0298 1440
14 0382 0543
14 0458 3277
14 0463 0610
14 0463 0846
14 0083 0122
14 0382 0495
14 0564 5060
14 0382 1127
14 0225 0298
14 0225 1923
14 0122 1044
14 0298 0832
14 1263 2894
14 0190 0397 0571
14 0397 0457 0571
14 0190 0397 0621
14 0382 0723 0797
14 0463 0610 0846
14 0190 0397 1044
14 0118 1650 3554
13 0273
13 0304
13 0503
13 0635
13 0725
13 0736
13 0806
13 0980
13 1018
13 1040
13 1123
13 1148
13 11652
13 1186
13 1249
13 1282
13 1291
13 1367
13 1375
13 1437
13 1509
13 1554
13 1613
13 1614
13 1670
13 1785
13 1796
13 1909
13 2071
13 2109
13 2158
13 2200
13 2345
13 2353
13 2374
13 2545
13 2623
13 2684
13 2714
13 2903
13 3113
13 3460
13 3504
13 3702
13 4070
13 4343
13 4454
13 5698
13 7902
13 0137 0225
13 0027 0418
13 0136 0190
13 0190 0211
13 0066 0211
13 0397 0573
13 0190 0642
13 0190 0453
13 0116 0122
13 0382 0488
13 0382 0761
13 0122 0442
13 0298 0501
13 0177 0618
13 0138 0238
13 0066 0745
13 0245 0458
13 0122 0245
13 0397 0524
13 0397 1835
13 0770 2041
13 0177 0723
13 0576 2096
13 0190 0225
13 0122 0149
13 1201 1832
13 0147 0225
13 0526 0723
13 0118 0721
13 0152 0617
13 0137 0298
13 0458 1050
13 0118 0501
13 0149 0276
13 0122 0298
13 0330 0418
13 0177 0421
13 0149 1153
13 0190 0914
13 0152 0752
13 0298 0442
13 0149 0164
13 1901 3606
13 0258 1218
13 0066 0453
13 0298 1983
13 0093 0149
13 0100 0424
13 0447 0453
13 0245 0995
13 0500 0987
13 0066 0118
13 0174 0194
13 0397 0893
13 0009 0118
13 0118 0435
13 0656 0723
13 0382 0762
13 0225 0656
13 0382 0537
13 0118 1201
13 0382 1044
13 0298 1789
13 0382 2065
13 0118 0576
13 0407 1259
13 0188 0382
13 0083 1832
13 0045 0382
13 0382 1500
13 0422 0458
13 0122 0190 0397
13 0225 0407 0526
13 0458 1263 3277
13 0083 0298 1832
12 0005
12 0072
12 0265
12 0283
12 0307
12 0347
12 0354
12 0402
12 0403
12 0409
12 0542
12 0549
12 0717
12 0817
12 0859
12 1003
12 1042
12 1046
12 1093
12 1177
12 11807
12 1192
12 1199
12 1346
12 1349
12 1457
12 1574
12 1630
12 1639
12 1733
12 1753
12 1808
12 1858
12 1924
12 1989
12 2057
12 2075
12 2093
12 2364
12 2631
12 2832
12 2897
12 2984
12 3077
12 3370
12 3827
12 3993
12 4125
12 4274
12 4574
12 4655
12 5142
12 5242
12 5327
12 5586
12 5859
12 5897
12 0118 0134
12 0098 0298
12 0021 0382
12 0162 0382
12 0045 0474
12 0422 0523
12 0397 0483
12 0029 0190
12 0190 0416
12 0195 0397
12 0397 0442
12 0190 0723
12 0149 0987
12 0330 0987
12 0137 0190
12 0138 0298
12 0205 1012
12 0045 0174
12 0152 0458
12 0137 1025
12 0479 0889
12 0190 0524
12 0245 0495
12 0298 0474
12 0066 0330
12 0066 0416
12 0149 0673
12 0164 0190
12 0118 1881
12 0045 0436
12 0066 0174
12 0397 0728
12 0122 0479
12 0090 0934
12 0122 0338
12 0174 0479
12 0377 0378
12 2105 2106
12 0298 0942
12 0190 0573
12 0190 1572
12 0298 0745
12 0177 0458
12 0190 0909
12 0149 0889
12 0541 2478
12 0007 2433
12 0056 0370
12 0045 1789
12 0066 0276
12 0298 0642
12 0066 0284
12 0973 1216
12 0369 0418
12 0177 0987
12 0078 0118
12 0340 2702
12 0332 0418
12 0066 0559
12 0122 0211
12 0500 4110
12 0394 0447
12 0122 0723
12 0093 0479
12 0382 0443
12 0045 0118
12 0382 0881
12 0118 0180
12 0180 0474
12 0096 0745
12 0194 1573
12 0037 0554
12 0474 0610
12 0610 4179
12 0846 4179
12 0832 1050
12 0458 1650
12 0458 0832
12 0122 0509
12 0149 0492
12 1183 1923
12 0664 1835
12 0526 2478
12 0258 0403
12 0509 1889
12 0509 5601
12 0190 0457 0571
12 0066 0400 0858
12 0118 0435 1044
12 0463 0474 0610
12 0463 0474 0846
12 0463 0610 4179
12 0463 0846 4179
12 0474 0610 0846
12 0474 0610 4179
12 0474 0846 4179
12 0610 0846 4179
12 0382 0458 0723
12 0190 0397 0457 0571
12 0463 0474 0610 0846
12 0463 0474 0610 4179
12 0463 0474 0846 4179
12 0463 0610 0846 4179
12 0474 0610 0846 4179
12 0463 0474 0610 0846 4179
11 0232
11 0308
11 0380
11 0449
11 0470
11 0550
11 0561
11 0597
11 0634
11 0647
11 0732
11 0746
11 0813
11 0842
11 0870
11 1092
11 1108
11 1143
11 1272
11 1275
11 1310
11 1337
11 1356
11 1366
11 1521
11 1564
11 1822
11 1831
11 1918
11 1935
11 1994
11 2216
11 2219
11 2220
11 2330
11 2344
11 2359
11 2403
11 2475
11 2528
11 2542
11 2547
11 2591
11 2619
11 2643
11 2666
11 2781
11 2859
11 3024
11 3082
11 3250
11 3559
11 3858
11 3894
11 3921
11 3935
11 4080
11 4088
11 4115
11 4233
11 4651
11 4839
11 5344
11 5361
11 7983
11 0011 0149
11 0066 0180
11 0186 0382
11 0081 0190
11 0416 0458
11 0134 0190
11 0190 0418
11 0083 0691
11 0458 0755
11 0066 0164
11 0382 0874
11 0093 0565
11 0177 0424
11 0093 0563
11 0298 1043
11 0152 0426
11 0056 0122
11 0122 0276
11 0177 0330
11 0174 0914
11 0792 0974
11 0152 0708
11 0045 0138
11 0007 0237
11 0043 1113
11 0338 0745
11 0118 0152
11 1616 1617
11 0397 1201
11 0093 0225
11 0066 0474
11 0407 0479
11 0122 1263
11 0298 0525
11 0397 0676
11 0298 0488
11 0723 1201
11 0149 0397
11 0282 0397
11 0098 0543
11 0118 0543
11 0066 0338
11 0190 1010
11 0418 0559
11 0382 0424
11 0007 0791
11 0045 0713
11 0137 0559
11 0137 0792
11 0159 0362
11 0152 0755
11 0093 0284
11 0098 0122
11 0258 0338
11 0177 0284
11 0194 0338
11 0418 0427
11 0458 0655
11 0011 0194
11 0284 0500
11 0258 0298
11 0418 1227
11 0118 0245
11 0250 1393
11 0149 0298
11 0298 0626
11 0752 1919
11 0045 0752
11 0190 0244
11 0382 0786
11 0117 0134
11 0298 0418
11 0045 0418
11 0330 0827
11 0362 2331
11 0116 0418
11 0332 3530
11 0122 0174
11 0298 0362
11 0066 0337
11 0436 0721
11 0382 1125
11 0244 0397
11 1183 1789
11 0104 0397
11 0298 1374
11 0382 1259
11 0225 0338
11 0174 0180
11 0298 0526
11 0723 4049
11 0118 0934
11 0122 0858
11 0338 0576
11 0382 0921
11 0514 0525
11 0382 0416
11 0458 0867
11 0339 0382
11 0458 3168
11 0034 0382
11 0382 0490
11 0083 0118
11 0118 1676
11 0122 0526
11 0423 1320
11 0407 0656
11 0415 1050
11 1789 5142
11 0397 1532
11 0117 0499
11 0458 2478
11 0458 11687
11 0190 0250 0397
11 0083 0526 0691
11 0043 0152 1113
11 0245 0298 2092
11 0298 1201 1832
11 0394 0447 0565
11 0298 0382 0723
11 0225 0382 0526
11 0118 0382 0422
10 0022
10 0156
10 0192
10 0482
10 0520
10 0555
10 0604
10 0696
10 0836
10 0879
10 0941
10 0947
10 0955
10 0957
10 1006
10 1033
10 1045
10 1089
10 1172
10 1179
10 1324
10 1363
10 1417
10 1453
10 1517
10 1553
10 1615
10 1637
10 1671
10 1687
10 1898
10 1949
10 1963
10 1973
10 2043
10 2045
10 2117
10 2173
10 2191
10 2239
10 2300
10 2313
10 2394
10 2414
10 2446
10 2612
10 2749
10 2792
10 2830
10 3051
10 3096
10 3139
10 3154
10 3166
10 3246
10 3315
10 3531
10 3596
10 3651
10 3658
10 3768
10 4023
10 4162
10 4204
10 4287
10 4488
10 4671
10 4956
10 5106
10 5476
10 5678
10 6669
10 7121
10 0116 0118
10 0138 0139
10 0118 0336
10 0298 0338
10 0017 0190
10 0078 0418
10 0162 0453
10 0211 0397
10 0190 0395
10 0092 0122
10 0244 0453
10 0190 0594
10 0474 0608
10 0190 0664
10 0225 0691
10 0066 0723
10 0723 0796
10 0066 0245
10 0149 0416
10 0340 0382
10 0098 0492
10 0190 0195
10 0149 0330
10 0205 0298
10 0152 1119
10 0118 0258
10 0442 0640
10 0085 0139
10 0138 0330
10 0057 0138
10 0501 1263
10 0034 1119
10 0137 1119
10 0098 1201
10 0237 0342
10 1574 1575
10 0064 0138
10 0118 0415
10 0118 0619
10 0233 0755
10 0007 1025
10 0032 0138
10 0339 0397
10 0021 0190
10 0608 1835
10 0118 0525
10 0093 0442
10 0407 0442
10 0045 0416
10 0057 0190
10 0501 0752
10 0479 1264
10 0190 0442
10 0501 0526
10 0190 1744
10 0090 0194
10 0096 0118
10 0098 0293
10 0453 0559
10 0382 0500
10 0418 0488
10 0272 0382
10 0205 0797
10 0174 0723
10 0453 0723
10 0027 0458
10 0083 0479
10 0225 0723
10 0225 0266
10 0298 0339
10 0397 0909
10 0225 0394
10 0043 0298
10 0617 2374
10 0225 1201
10 0260 0471
10 0083 0149
10 0215 1448
10 0007 0098
10 0492 1557
10 0258 0442
10 0338 0442
10 0045 0755
10 0193 0645
10 0122 0152
10 0011 0478
10 0089 0942
10 0122 0426
10 0066 0626
10 0340 1093
10 0340 1397
10 0418 1073
10 0116 0330
10 0458 3624
10 0382 0532
10 0098 0149
10 0149 0563
10 0397 0842
10 0177 0797
10 0190 1451
10 0284 0362
10 0453 0690
10 0590 1098
10 0557 0591
10 0479 0723
10 0134 0458
10 0453 0987
10 0066 0526
10 0190 0285
10 0418 0745
10 0116 4242
10 0027 0723
10 0073 0418
10 0298 1611
10 0618 0752
10 0723 0909
10 0458 1565
10 0164 0721
10 0474 0565
10 0007 0397
10 0397 0497
10 0397 0649
10 0190 5074
10 0397 5074
10 0211 0382
10 0190 0610
10 0118 0573
10 0418 0479
10 0056 0832
10 0723 1219
10 0225 1183
10 0118 0745
10 0118 0618
10 0174 1835
10 0601 0731
10 0382 0601
10 0118 0656
10 0164 0422
10 0177 0193
10 0205 0479
10 0397 0436
10 0355 1789
10 0118 0942
10 0164 0407
10 0382 1326
10 0382 0691
10 0298 1316
10 0382 1219
10 0458 3834
10 0225 0715
10 0458 3798
10 0177 2218
10 0225 1557
10 0190 1259
10 0458 2290
10 0426 0458
10 0009 0298
10 1889 5601
10 0717 2181
10 0723 0796 0797
10 0098 0118 0492
10 0190 0397 0524
10 0190 0193 0397
10 0098 0118 0293
10 0245 1832 2092
10 0093 0284 0298
10 0177 0284 0298
10 0011 0478 0718
10 0118 0382 0723
10 0164 0436 0721
10 0397 0497 0893
10 0382 0407 0656
10 0152 0382 0422
10 0225 0407 0656
10 0118 0422 0723
10 0509 1889 5601
10 0245 0298 1832 2092
9 0033
9 0179
9 0236
9 0239
9 0259
9 0345
9 0411
9 0451
9 0464
9 0472
9 0486
9 0531
9 0546
9 0622
9 0682
9 0753
9 0787
9 0878
9 0905
9 0936
9 0945
9 0979
9 1008
9 1066
9 1067
9 1068
9 1075
9 1103
9 1147
9 1180
9 1204
9 1214
9 1293
9 1301
9 1335
9 1347
9 1395
9 1415
9 1443
9 1474
9 1488
9 1492
9 1548
9 1596
9 1605
9 1645
9 1674
9 1728
9 1770
9 1806
9 1875
9 1893
9 2016
9 2049
9 2112
9 2113
9 2193
9 2209
9 2217
9 2329
9 2351
9 2436
9 2492
9 2586
9 2705
9 2716
9 2757
9 2914
9 3179
9 3199
9 3220
9 3269
9 3354
9 3435
9 3449
9 3496
9 3523
9 3587
9 3622
9 3736
9 3784
9 3867
9 3937
9 4022
9 4121
9 4172
9 4226
9 4341
9 4365
9 4382
9 4542
9 4742
9 5087
9 5188
9 5206
9 5386
9 5441
9 5660
9 5686
9 5798
9 5811
9 5870
9 6141
9 6223
9 7826
9 7984
9 0056 0096
9 0187 0190
9 0330 0331
9 0284 0338
9 0416 0418
9 0190 0433
9 0225 0501
9 0525 0526
9 0443 0533
9 0205 0382
9 0211 0559
9 0162 0397
9 0093 0416
9 0149 0211
9 0752 0755
9 0474 0844
9 0083 0152
9 0382 0873
9 0245 0491
9 0095 0973
9 0137 0205
9 0444 1112
9 0100 1172
9 0152 0205
9 0827 1211
9 0011 1263
9 0152 1022
9 0442 0458
9 0045 0458
9 0122 0138
9 0138 0752
9 0138 0149
9 0138 1119
9 0190 1810
9 0350 0415
9 0397 0526
9 0027 0152
9 0149 0407
9 0162 0225
9 0397 1823
9 0245 0397
9 0190 0400
9 0174 0487
9 0139 0442
9 0045 0152
9 0190 0728
9 0276 0286
9 0122 1083
9 0177 2073
9 0382 1810
9 0245 0554
9 0190 0353
9 0397 0488
9 0450 0559
9 0488 1832
9 0415 0458
9 0382 0676
9 0458 0474
9 0045 0149
9 0122 0180
9 0149 0723
9 0180 0723
9 0118 0601
9 0298 0490
9 0034 0397
9 0066 0827
9 0382 0501
9 0397 1345
9 0382 0563
9 0118 0563
9 0284 0617
9 0118 0867
9 0177 0500
9 0138 0276
9 0362 0639
9 0085 0138
9 0418 0723
9 0418 2745
9 0117 1151
9 1151 1975
9 0298 1976
9 0122 0525
9 0137 0319
9 0093 0096
9 0190 0626
9 0122 0205
9 0149 0362
9 0708 0752
9 0149 1508
9 1093 1397
9 0298 0500
9 0354 2570
9 0174 0755
9 0149 0752
9 0190 1022
9 0096 0479
9 0479 0626
9 0122 0594
9 0149 0338
9 0338 0385
9 0338 0479
9 0118 0397
9 0346 0397
9 0458 0956
9 0418 0458
9 0284 0418
9 0330 0525
9 0418 0447
9 0418 1808
9 0330 0718
9 0066 0500
9 0362 0718
9 0066 0909
9 0177 0490
9 0755 1611
9 0190 0601
9 0479 1201
9 0093 2156
9 0458 0563
9 0458 1261
9 0245 1201
9 0495 0723
9 0416 0745
9 0027 0397
9 0407 0453
9 0190 0474
9 0183 0382
9 0164 0453
9 0942 1119
9 0338 0543
9 0298 2373
9 1832 2373
9 0397 0969
9 0118 0559
9 0083 5417
9 0495 1201
9 0225 0376
9 0601 5585
9 0382 0880
9 0118 0407
9 0152 0225
9 0526 2096
9 0122 0225
9 0149 0474
9 0045 0563
9 0298 1125
9 0619 0832
9 0118 3922
9 0407 0797
9 0139 0576
9 0398 1573
9 0446 0565
9 0098 0382
9 0382 4049
9 0190 0260
9 0298 1650
9 0382 0715
9 0382 0432
9 0382 0568
9 0298 1183
9 0174 0422
9 0078 0723
9 0190 0405
9 0164 0723
9 0382 0587
9 0204 0479
9 0096 0576
9 0118 1048
9 0766 1650
9 0397 9034
9 0479 1044
9 0201 0512
9 0458 0903
9 0891 1650
9 0618 1263
9 0903 2478
9 0618 1597
9 0458 11807
9 0382 0422 0523
9 0382 0422 0526
9 0190 0397 0416
9 0225 0526 0691
9 0083 0422 0723
9 0225 0407 0442
9 0382 0407 0442
9 0190 0397 0442
9 0298 0488 1832
9 0098 0118 0543
9 0284 0298 0617
9 0117 1151 1975
9 0098 0118 0225
9 0340 1093 1397
9 0284 0298 0500
9 0382 0525 0723
9 0543 2848 3647
9 0298 1832 2373
9 0382 0723 1259
9 0190 0376 0479
9 0225 0407 1259
9 0446 0447 0565
9 0382 0407 0526
9 0382 0526 0691
9 0174 0190 0397
9 0190 0397 0745
9 0225 0382 0656
9 0397 1044 9034
9 0298 0415 0832
9 0415 0832 1050
9 0526 0903 2478
9 0225 0382 0407 0656