30 0038 0081
28 0390 0467
27 0390 0460
27 0390 2260
26 0038 0716
24 0390 1572
24 0390 0542
24 0390 0873 0874
23 0038 0083
23 0317 0440
21 0083 0390
21 0390 0560
21 0390 3575
21 0038 0550
20 0038 0731
19 0038 0164
19 0136 0390
19 0317 0571
19 0038 5085
19 0317 0389 0448
18 0317 0459
18 0390 0716
18 0038 0204
18 0390 0579
18 0390 2583
18 0390 2422
18 0317 0496 1836
18 0129 0390 0548
17 0164 0390
17 0038 0195
17 0390 0547
17 0066 0390 0400
16 0229 0317
16 0390 1889
15 0390 0733
15 0390 1259
15 0390 0969
15 0317 0474
15 0390 0782
15 0211 0390
15 0038 0786
15 0317 0731
15 0390 1048
14 0038 0782
14 0390 0734
14 0038 0167
14 0390 0666
14 0294 0390
14 0390 0736
14 0140 0317
14 0390 0815
14 0038 0934
14 0390 0914
14 0390 0602
14 0390 0938
13 0390 0604
13 0195 0390
13 0317 0554
13 0390 0568
13 0390 0601
13 0390 2070
13 0390 2313
13 0038 0666
13 0204 0390 0678
13 0317 0390 0497
12 0038 0121
12 0038 0286
12 0317 0837
12 0038 0453
12 0206 0390
12 0167 0317
12 0317 0318 0447
12 0390 0425 0559
12 0317 0446 0447
11 0390 0492
11 0038 0733
11 0135 0390
11 0017 0038
11 0317 0909
11 0038 0495
11 0548 0874
11 0389 1048
11 0390 2101
11 0390 0731
11 0389 0487
11 0390 0909
11 0390 2329
11 0081 0390
11 0317 1507
11 0390 1096
11 0038 0174
11 0317 1017
11 0282 0317
11 0038 2870
11 0285 0390
11 0361 0390
11 0038 0640
11 0038 0410
11 0038 2070
11 0390 1506
11 0038 0082
11 0038 1062
11 0092 0317 0390
11 0390 0565 2050
11 0317 0448 0576
11 0038 0258 0403
11 0038 0359 0604
11 0390 0496 1836
11 0317 0447 0497
10 0705
10 0037 0038
10 0390 0393
10 0390 0550
10 0317 0353
10 0390 0412
10 0038 0370
10 0038 0909
10 0390 0846
10 0317 1645
10 0390 3784
10 0390 1019
10 0390 5380
10 0317 0512
10 0038 0764
10 0038 1163
10 0038 0694
10 0390 0499
10 0390 1429
10 0038 0656
10 0370 0390
10 0317 2108
10 0390 0446 0447
10 0078 0317 0448
10 0066 0317 0537
10 0317 0448 0487
10 0390 0425 2068
9 0038 0444
9 0390 0585
9 0038 0602
9 0390 0865
9 0390 1351
9 0038 0568
9 0317 0600
9 0253 0317
9 0038 0498
9 0180 0317
9 0390 3254
9 0038 1262
9 0317 1262
9 0389 0576
9 0325 0390
9 0390 0600
9 0390 0694
9 0390 0720
9 0038 0713
9 0203 0390
9 0038 0489
9 0317 2096
9 0390 0863
9 0038 0211
9 0123 0390
9 0390 0946
9 0317 0499
9 0390 0570
9 0390 2433
9 0317 1835
9 0390 2356
9 0390 1375
9 0390 1062
9 0038 1451
9 0390 4151
9 0448 0716
9 0390 0858
9 0140 0390 0425
9 0280 0390 0690
9 0317 0448 0563
9 0066 0317 0563
9 0167 0390 1044
9 0390 0425 0441
9 0038 0078 0317
9 0390 0425 0473
9 0038 0066 0400 0548
8 0701
8 1383
8 1727
8 0038 0399
8 0038 0172
8 0390 0471
8 0390 0491
8 0390 0584
8 0390 0651
8 0038 0339
8 0038 0736
8 0317 0914
8 0390 1833
8 0390 1119
8 0317 0601
8 0448 1219
8 0317 0568
8 0087 0390
8 0034 0390
8 0038 1645
8 0340 0390
8 0390 1022
8 0390 2043
8 0390 0804
8 0317 3119
8 0317 0416
8 0390 0444
8 0390 0903
8 0317 0656
8 0038 0932
8 0038 0368
8 0193 0390
8 0389 1889
8 0390 1964
8 0038 1219
8 0390 3315
8 0038 2433
8 0390 3384
8 0038 0585
8 0038 4070
8 0038 2490
8 0390 3119
8 0390 0650
8 0038 0240
8 0038 0474
8 0317 0547
8 0390 0587
8 0390 0566
8 0390 1163
8 0038 0525
8 0038 0903
8 0038 0203
8 0317 0410
8 0038 9512
8 0317 4158
8 0009 0038
8 0317 2181
8 0317 0390 0690
8 0390 0447 0565
8 0390 0447 2050
8 0390 0807 1959
8 0108 0389 0390
8 0339 0390 0425
8 0317 0448 0537
8 0317 0495 0497
8 0038 0092 0390
8 0317 0389 1263
8 0317 0442 0448
8 0317 2090 5327
8 0317 0339 0448
8 0038 0317 1992
8 0129 0253 0390
8 0129 0317 0390
8 0129 0390 0473
8 0390 0425 7796
8 0317 0390 0548
8 0317 0425 0563
8 0317 0390 0448 0473
7 0072
7 0168
7 0788
7 0917
7 3203
7 3348
7 5555
7 8543
7 0311 0390
7 0038 0647
7 0038 0492
7 0087 0548
7 0038 0815
7 0038 0734
7 0009 0390
7 0390 1127
7 0066 0559
7 0317 0520
7 0038 1259
7 0337 0390
7 0390 2271
7 0317 0488
7 0390 4142
7 0317 0370
7 0030 0390
7 0390 0950
7 0390 1289
7 0389 4931
7 0390 1261
7 0144 0390
7 0390 2028
7 0390 0655
7 0057 0390
7 0390 2200
7 0038 0312
7 0317 2922
7 0038 1019
7 0317 0734
7 0317 0467
7 0317 3702
7 0038 0499
7 0038 0777
7 0390 0878
7 0317 0489
7 0390 1821
7 0390 0888
7 0390 0573
7 0390 6231
7 0317 0469
7 0317 4513
7 0473 0474
7 0390 0656
7 0548 0764
7 0390 2096
7 0390 0503
7 0390 1942
7 0317 0492
7 0317 0881
7 0317 0790
7 0473 0548
7 0038 0874
7 0286 0317
7 0174 0473
7 0317 1279
7 0390 0956
7 0038 0123
7 0038 3615
7 0038 3119
7 0038 0425
7 0317 0602
7 0390 1262
7 0874 2195
7 0448 1048
7 0317 1044
7 0390 0847
7 0038 0135
7 0086 0390
7 0390 1835
7 0038 5949
7 0082 0317
7 0038 0180
7 0390 0421 0425
7 0390 0447 0475
7 0317 0448 0851
7 0276 0317 0448
7 0317 0390 1073
7 0317 0390 0563
7 0317 0448 1069
7 0180 0390 2238
7 0038 0317 0497
7 0390 0425 0576
7 0317 0390 2050
7 0092 0389 0390
7 0204 0317 0390
7 0038 0317 0892
7 0317 0389 0425
7 0390 0473 0807
7 0390 0425 1856
7 0390 0448 0548
7 0038 0600 0601
7 0317 0389 0447
7 0253 0258 0390
7 0038 0066 0400 0472
7 0038 0066 0400 0554
6 0035
6 0063
6 0201
6 0242
6 0432
6 0648
6 0756
6 0811
6 0978
6 1094
6 1195
6 1472
6 1521
6 1589
6 1607
6 1824
6 1860
6 1990
6 2106
6 2234
6 2296
6 2344
6 3563
6 3827
6 4185
6 5357
6 5616
6 5809
6 8701
6 9246
6 0038 0471
6 0317 0565
6 0390 0429
6 0390 0410
6 0390 0647
6 0240 0390
6 0390 0777
6 0317 0839
6 0038 0863
6 0038 0864
6 0038 0896
6 0390 0859
6 0156 0390
6 0390 1531
6 0390 1858
6 0038 0974
6 0037 0317
6 0099 0390
6 0390 1358
6 0038 0507
6 0038 0139
6 0317 1887
6 0306 0317
6 0038 0421
6 0448 0712
6 0317 2112
6 0038 0747
6 0389 1602
6 0085 0317
6 0548 1889
6 0038 1959
6 0136 0317
6 0390 1744
6 0317 2263
6 0390 1997
6 0448 0640
6 0238 0390
6 0139 0390
6 0390 1507
6 0390 0522
6 0390 3999
6 0390 0853
6 0038 0880
6 0473 1073
6 0390 0879
6 0038 1834
6 0260 0390
6 0317 0880
6 0317 1983
6 0272 0390
6 0038 2065
6 0038 0553
6 0038 3504
6 0390 0507
6 0390 5439
6 0495 0576
6 0448 0512
6 0038 5549
6 0317 1818
6 0038 1677
6 0038 0142
6 0038 0636
6 0390 1929
6 0390 0749
6 0038 0120
6 0389 0874
6 0038 1120
6 0038 0634
6 0390 0449
6 0390 1181
6 0317 0525
6 0038 0690
6 0390 1573
6 0390 6553
6 0038 0790
6 0390 0915
6 0390 0402
6 0548 1048
6 0266 0317
6 0390 0730
6 0158 0473
6 0390 2554
6 0390 0405
6 0038 0324
6 0390 0767
6 0038 0490
6 0038 2068
6 0390 5724
6 0317 1312
6 1072 2393
6 0390 1765
6 0548 0571
6 0447 1048
6 0390 0538
6 0038 0579
6 0038 0881
6 0038 1573
6 0317 0777
6 0038 4151
6 0038 0717
6 0443 0448
6 0082 0400
6 0312 0390
6 0390 2490
6 0389 5447
6 0038 0858
6 0390 4931
6 0317 0660
6 0038 0390 0441
6 0280 0317 0690
6 0038 0066 0797
6 0389 0390 0448
6 0280 0317 0448
6 0389 0548 0554
6 0066 0078 0317
6 0390 0473 2050
6 0038 0066 0447
6 0038 0447 0548
6 0389 0448 0473
6 0317 0390 0807
6 0317 0390 0892
6 0317 0390 1959
6 0317 0807 1073
6 0317 0318 0389
6 0038 0066 1048
6 0108 0390 0473
6 0108 0390 0690
6 0390 0873 3469
6 0425 0448 0473
6 0038 0066 0850
6 0066 0317 0850
6 0038 3078 4158
6 0038 0092 0548
6 0390 0796 0797
6 0317 0545 0676
6 0389 0390 1263
6 0317 0448 0495
6 0317 0504 0563
6 0038 0353 0359
6 0038 0509 0878
6 0317 0563 0576
6 0253 0390 0687
6 0108 0390 0425
6 0276 0390 0790
6 0390 0425 2711
6 0038 0353 0390
6 0038 0390 0404
6 0038 0253 0390
6 0038 0359 0603
6 0317 0448 4136
6 0038 0096 0548
6 0038 0317 1048
6 0174 0390 0441
6 0038 0446 0447
6 0317 0563 1069
6 0038 0317 0441
6 0317 0563 0745
6 0038 0359 0548
6 0038 0504 0548
6 0038 0390 0442
6 0129 0390 0441
6 0389 0390 0551
6 0317 0389 0563
6 0129 0390 0676
6 0317 0447 0814
6 0389 0390 5679
6 0096 0317 0389 0473
6 0390 0425 0512 1840
6 0390 0880 0881 5679
6 0012 0082 0390 8652
5 0075
5 0267
5 0269
5 0319
5 0406
5 0478
5 0483
5 0502
5 0533
5 0562
5 0582
5 0653
5 0683
5 0696
5 0700
5 0732
5 0751
5 0889
5 0951
5 0994
5 1043
5 1111
5 1116
5 1143
5 1248
5 1423
5 1495
5 1588
5 1717
5 1767
5 1773
5 1897
5 1921
5 2193
5 2304
5 2367
5 2479
5 2817
5 2855
5 3174
5 3183
5 3312
5 3426
5 3658
5 3717
5 3850
5 4086
5 4166
5 4181
5 4206
5 4277
5 4956
5 5288
5 5574
5 5586
5 5628
5 5650
5 5686
5 5762
5 5770
5 5798
5 6314
5 6549
5 6642
5 6791
5 7398
5 8763
5 8783
5 9106
5 9835
5 0390 0392
5 0493 0494
5 0389 0631
5 0096 0195
5 0412 0509
5 0390 0395
5 0038 0719
5 0317 0744
5 0029 0317
5 0038 0851
5 0390 1382
5 0389 0495
5 0554 0690
5 0092 0280
5 0038 1617
5 0087 0425
5 0204 0389
5 0276 0441
5 0317 0647
5 0390 2022
5 0389 1837
5 0453 0473
5 0390 0911
5 0390 0712
5 0390 1617
5 0066 0108
5 0425 0814
5 0066 0253
5 0390 0634
5 0448 0509
5 0473 0576
5 0317 0926
5 0389 0559
5 0108 0204
5 0390 1492
5 0282 0448
5 0448 0549
5 0390 0525
5 0038 3555
5 0390 0957
5 0317 3784
5 0164 0317
5 0317 2674
5 0317 2755
5 0390 2674
5 0038 3315
5 0038 0676
5 0390 3555
5 0186 0390
5 0090 0390
5 0390 0599
5 0317 0903
5 0229 0390
5 0390 1886
5 0390 4136
5 0390 2195
5 0317 0325
5 0038 5359
5 0038 1764
5 0038 0605
5 0272 0317
5 0038 0762
5 0317 2194
5 0317 1288
5 0317 1089
5 0389 0460
5 0389 0467
5 0038 0661
5 0317 0550
5 0037 0389
5 0317 0394
5 0317 5651
5 0038 1693
5 0317 0749
5 0390 5678
5 0390 1597
5 0038 0393
5 0127 0317
5 0097 0390
5 0038 0087
5 0038 0459
5 0716 5085
5 0037 0548
5 0317 2570
5 0038 0090
5 0390 0519
5 0390 0988
5 0038 0193
5 0038 6248
5 0390 0409
5 0317 0980
5 0038 2990
5 0038 0140
5 0140 1102
5 0253 0286
5 0038 1942
5 0066 0276
5 0390 0850
5 0389 4158
5 0390 1072
5 1573 5085
5 0286 0487
5 0390 6547
5 0038 0635
5 0390 0635
5 0038 0830
5 0317 1326
5 0038 0503
5 0038 2247
5 0390 0462
5 0390 0829
5 0601 5585
5 0390 0664
5 0338 0548
5 0317 0693
5 0038 0259
5 0473 1889
5 0390 0787
5 0390 5536
5 0390 0896
5 0390 5490
5 0317 0804
5 0390 2067
5 0548 2068
5 0294 0548
5 0038 0839
5 0389 2195
5 0390 5447
5 0038 5181
5 0390 4158
5 0258 0448
5 0038 5516
5 0038 2113
5 0441 0447
5 0317 1693
5 0038 1507
5 0317 2568
5 0317 2070
5 0156 0317
5 0038 0573
5 0038 1976
5 0370 5181
5 0390 2173
5 0108 0317
5 0548 0731
5 0038 1096
5 0317 0603
5 0066 2490
5 0425 0874
5 0317 0324
5 0038 9540
5 0563 0914
5 0038 0251
5 0390 4742
5 0038 3046
5 0390 0640
5 0390 5601
5 0390 1218
5 0390 5949
5 0038 2547
5 0317 0858
5 0548 0858
5 0038 3384
5 0390 0794
5 0390 1996
5 0390 2194
5 0317 1219
5 0203 1142
5 0390 0447 0473
5 0425 0576 0770
5 0317 0448 0814
5 0066 0400 0797
5 0180 0390 0416
5 0092 0390 0690
5 0276 0286 0390
5 0038 0294 0317
5 0172 0390 0425
5 0276 0390 2050
5 0317 0559 0563
5 0389 0425 0448
5 0009 0317 0563
5 0038 0317 0549
5 0496 1836 2263
5 0038 0066 0359
5 0038 0359 2274
5 0317 1263 2195
5 0317 0389 0412
5 0390 0473 0487
5 0038 0390 1044
5 0390 0441 0448
5 0317 0390 0443
5 0390 0448 0576
5 0390 0425 0495
5 0317 0548 2037
5 0038 0136 0253
5 0317 0390 0770
5 0390 0424 0425
5 0253 0282 0390
5 0317 0441 0563
5 0066 0390 0537
5 0390 0425 4193
5 0317 0338 0448
5 0276 0390 0776
5 0276 0280 0390
5 0038 0317 0537
5 0120 0121 0390
5 0317 0448 0745
5 0038 0460 0548
5 0038 0066 0473
5 0038 0359 0390
5 0038 0066 0390
5 0317 0425 0640
5 0389 0404 0548
5 0390 0404 0548
5 0038 0442 0938
5 0317 0318 0390
5 0317 0390 2065
5 0390 0473 0830
5 0017 0253 0390
5 0038 0390 1992
5 0038 0206 0253
5 0425 0448 0764
5 0038 0288 2737
5 0317 0448 1263
5 0390 0676 1451
5 0390 0425 4172
5 0390 0447 0548
5 0317 0339 0390
5 0038 0288 0338
5 0038 0564 5060
5 0251 0317 0390
5 0317 0448 0559
5 0354 0548 2570
5 0195 0317 0563
5 0317 0442 0563
5 0389 0390 0425
5 0038 0158 0317
5 0180 0390 0559
5 0195 0317 1069
5 0253 0390 0425
5 0038 0317 1102
5 0390 0548 1044
5 0038 0487 1263
5 0038 0317 3078
5 0317 0448 0786
5 0038 0548 1992
5 0129 0390 0447
5 0317 0390 0549
5 0317 0497 0892
5 0129 0158 0390
5 0038 0066 0337 0400
5 0389 0390 0416 0473
5 0390 0425 0770 2041
5 0509 1889 5601 5602
5 0038 0206 0207 1744
5 0038 0317 0448 0797
5 0038 0317 0796 0797
5 0038 0066 0317 0400 0448
4 0008
4 0077
4 0126
4 0155
4 0175
4 0198
4 0218
4 0227
4 0232
4 0268
4 0335
4 0346
4 0357
4 0365
4 0414
4 0433
4 0465
4 0597
4 0614
4 0633
4 0702
4 0737
4 0766
4 0856
4 0927
4 0961
4 1023
4 1041
4 1051
4 1061
4 1086
4 1090
4 1093
4 1131
4 1209
4 1270
4 1282
4 1320
4 1345
4 1346
4 1418
4 1464
4 1481
4 1569
4 1610
4 1612
4 1715
4 1817
4 1839
4 1898
4 1902
4 1935
4 1946
4 2064
4 2066
4 2075
4 2085
4 2124
4 2140
4 2148
4 2353
4 2360
4 2397
4 2404
4 2555
4 2710
4 2859
4 2960
4 3024
4 3025
4 3232
4 3255
4 3361
4 3518
4 3584
4 3670
4 4125
4 4173
4 4186
4 4548
4 4944
4 4949
4 4987
4 5135
4 5338
4 5476
4 5491
4 5530
4 5641
4 5691
4 5698
4 5712
4 6247
4 6288
4 6300
4 6546
4 6588
4 6606
4 6651
4 7914
4 7958
4 8069
4 8103
4 8535
4 8790
4 8864
4 9202
4 9317
4 9551
4 9554
4 9634
4 9811
4 0087 0389
4 0359 0563
4 0390 0430
4 0038 0649
4 0390 0677
4 0038 0703
4 0038 0735
4 0038 0795
4 0038 0837
4 0390 0714
4 0390 1384
4 0390 0839
4 0092 0448
4 0416 0745
4 0425 0548
4 0390 0926
4 0038 0057
4 0390 1533
4 0038 0306
4 0038 2043
4 0390 2049
4 0394 0473
4 0548 1262
4 0389 0421
4 0390 2103
4 0012 0092
4 0038 0431
4 0038 2187
4 0038 0926
4 0038 2206
4 0317 0368
4 0317 0509
4 0226 0390
4 0447 0453
4 0390 2247
4 0038 0488
4 0038 1314
4 0804 1959
4 0317 1602
4 0353 0548
4 0353 0909
4 0317 0340
4 0390 2226
4 0390 1071
4 0038 0651
4 0390 1666
4 0390 2349
4 0390 2528
4 0324 0390
4 0495 2329
4 0807 2674
4 4157 4158
4 0390 2922
4 0447 2870
4 0472 0497
4 0038 1836
4 0416 0443
4 0390 3016
4 0390 1326
4 0425 1326
4 0390 1805
4 0389 2050
4 0441 0880
4 0425 0547
4 0390 3242
4 0404 0415
4 0473 0549
4 0038 0655
4 0057 0317
4 0096 1263
4 0425 2200
4 0038 1533
4 0448 1815
4 0038 1810
4 0447 2068
4 0253 0713
4 0164 0389
4 0317 0399
4 0389 0537
4 0487 1992
4 0253 0400
4 0448 2065
4 0554 0903
4 0038 0402
4 0548 1019
4 0096 0448
4 0038 2102
4 0390 5527
4 0252 0390
4 0390 0934
4 0563 2755
4 0487 5549
4 0390 3560
4 0038 0914
4 0317 5564
4 0448 0850
4 0317 0687
4 0038 5439
4 0078 0576
4 0390 3702
4 0974 1048
4 0734 0777
4 1616 1617
4 0473 0874
4 0294 0554
4 0038 0238
4 0038 3651
4 0448 4193
4 0317 5660
4 0390 0713
4 0317 0393
4 0276 0487
4 0038 1130
4 0373 0487
4 0453 0487
4 0038 0097
4 0317 1942
4 0548 1069
4 0038 0141
4 0038 1075
4 0820 1102
4 0038 2786
4 0038 0555
4 0390 2165
4 0280 0441
4 0814 1837
4 0390 0617
4 0038 5810
4 0180 0473
4 0390 0552
4 0390 1496
4 0548 0892
4 0193 0317
4 0317 1909
4 0448 0467
4 0038 6246
4 0124 0390
4 0416 0474
4 0474 1263
4 0390 2206
4 0281 0390
4 0038 1886
4 0472 0548
4 0038 2096
4 0448 2101
4 0390 4222
4 0390 0943
4 0038 1181
4 0390 2990
4 0317 2020
4 0390 0488
4 0390 2263
4 0129 0487
4 0096 0415
4 0390 3333
4 2070 2217
4 0448 1964
4 0081 0206
4 0390 0877
4 0390 2570
4 0390 0820
4 0038 0226
4 0353 0782
4 0038 0336
4 0563 2037
4 0066 0096
4 0317 0402
4 0381 0390
4 0038 0517
4 0390 2568
4 0317 0782
4 0038 5660
4 0390 5344
4 0078 0338
4 0253 0716
4 0390 0916
4 0204 0548
4 0390 0764
4 0425 1889
4 0078 0745
4 0317 1506
4 0448 1506
4 0253 1044
4 0252 0317
4 0251 0448
4 0286 0733
4 0038 1502
4 0317 0579
4 0038 0266
4 0390 0593
4 0390 2742
4 0390 1004
4 0390 2752
4 0390 7816
4 0038 0560
4 0038 1289
4 0282 0786
4 0448 5949
4 0549 3119
4 0066 0713
4 0142 0359
4 0317 0462
4 0066 0568
4 0390 0719
4 0191 0390
4 0012 0038
4 0038 1856
4 0389 0677
4 0448 0836
4 0830 2068
4 0317 1406
4 0390 2218
4 0547 0548
4 0339 0499
4 0425 0786
4 0425 1048
4 0390 2684
4 0390 0426
4 0473 5085
4 0317 2422
4 0389 0946
4 0318 2195
4 0038 1809
4 0038 1312
4 0834 3315
4 0258 0425
4 0317 2738
4 0571 1889
4 0038 4022
4 0038 0186
4 0164 0473
4 0317 0585
4 0288 0448
4 0038 0956
4 0447 0448
4 0548 0601
4 0005 0390
4 0317 0337
4 0390 5516
4 0317 2938
4 0317 0561
4 0038 7750
4 0317 0670
4 0389 1044
4 0390 1393
4 0317 1775
4 0390 0517
4 0038 0491
4 0038 6911
4 0252 1507
4 0038 0247
4 0389 0602
4 0317 5447
4 0253 0584
4 0317 0677
4 0317 0932
4 0548 5181
4 0038 1049
4 0448 0874
4 0548 0603
4 0390 3349
4 0390 0708
4 0390 1810
4 0390 5458
4 0548 2990
4 0317 0428
4 0180 0448
4 0548 1821
4 0389 0909
4 0038 1835
4 0317 0780
4 0317 0680
4 0317 1031
4 0040 0317
4 0361 0425
4 0096 0797
4 0390 0689
4 0282 0400
4 0066 0082
4 0554 1048
4 0317 3921
4 0317 3651
4 0563 1262
4 0359 1756
4 0276 0359
4 0390 1871
4 0390 0704
4 0390 9677
4 0082 0282
4 0038 0467
4 0038 0714
4 0317 0844
4 0495 2068
4 0548 5679
4 0038 4742
4 0389 0634
4 0317 3750
4 0424 0448
4 0317 1127
4 0306 0390
4 0038 0394
4 0038 5300
4 0548 2065
4 0038 0435
4 0390 2252
4 0563 0797
4 0370 0548
4 0441 0790
4 0140 0851
4 0204 2194
4 0203 0317
4 0038 0587
4 0448 3921
4 0317 0635
4 0317 0760
4 0576 1992
4 0448 1840
4 0317 0952
4 0390 0420 0425
4 0038 0390 0472
4 0276 0390 0447
4 0276 0390 0473
4 0276 0390 0475
4 0390 0404 0473
4 0390 0446 0475
4 0390 0489 0490
4 0087 0317 0448
4 0038 0317 0359
4 0317 0389 0814
4 0167 0390 0548
4 0390 0441 0690
4 0038 0400 1821
4 0038 0548 0797
4 0317 0497 1119
4 0034 0038 0317
4 0373 0390 0776
4 0038 0317 0443
4 0389 0390 0447
4 0038 0317 0853
4 0317 0563 0853
4 0317 0390 1837
4 0390 0473 1837
4 0276 0390 0565
4 0317 0448 0867
4 0390 0394 0565
4 0390 0473 0565
4 0038 0390 0687
4 0038 0548 0554
4 0317 0563 2068
4 0389 0448 1818
4 0389 0473 1818
4 0448 0473 1818
4 0317 0807 1959
4 0390 0807 1073
4 0038 0549 0892
4 0390 0441 2050
4 0038 0559 0797
4 0317 0448 0453
4 0127 0204 0390
4 0390 0415 0416
4 0317 0415 0473
4 0129 0317 0448
4 0180 0496 1836
4 0038 0359 0400
4 0066 0359 0400
4 0038 0066 0158
4 0038 0158 0359
4 0038 0158 0400
4 0317 0441 1102
4 0390 1892 3703
4 0317 0390 0495
4 0317 0425 0441
4 0425 0441 1102
4 0317 0425 0473
4 0038 0548 2037
4 0390 0548 2037
4 0258 0390 0403
4 0390 0487 0776
4 0038 0317 0389
4 0317 0390 1263
4 0096 0390 0425
4 0390 0425 0929
4 0317 0447 0563
4 0317 0373 0851
4 0390 0817 4126
4 0174 0390 0548
4 0038 0253 0687
4 0066 0390 0797
4 0317 0448 0846
4 0317 0815 0846
4 0253 0389 0390
4 0317 0390 0441
4 0390 0441 0473
4 0390 0448 2050
4 0390 1959 2050
4 0441 0448 0473
4 0038 0253 0359
4 0317 0389 4192
4 0317 0390 4192
4 0390 0554 0571
4 0253 0390 0797
4 0038 0066 0566
4 0317 0564 5060
4 0174 0390 0786
4 0038 0554 0566
4 0317 2090 2201
4 0317 0390 1815
4 0038 0078 0448
4 0038 0448 0576
4 0317 0404 0448
4 0317 0448 0764
4 0389 0390 0474
4 0317 0339 1102
4 0390 0425 1219
4 0390 0425 0498
4 0317 0390 0498
4 0253 0390 0509
4 0029 0038 0390
4 0038 0547 0946
4 0038 0258 0317
4 0038 0317 0338
4 0317 0448 1889
4 0038 0548 1964
4 0180 0390 0661
4 0390 0425 0453
4 0317 0390 0745
4 0390 0448 0745
4 0390 0745 1834
4 0121 0253 0390
4 0389 0473 1263
4 0038 0066 0078
4 0038 0066 0537
4 0038 0317 0754
4 0317 0389 0640
4 0389 0390 0404
4 0038 0680 0697
4 0253 0276 0390
4 0108 0390 2242
4 0038 0276 0390
4 0038 0280 0390
4 0317 0447 2195
4 0253 0353 0390
4 0038 0206 1044
4 0253 0390 0487
4 0038 0096 0472
4 0038 0317 0969
4 0038 0206 0871
4 0038 0207 0871
4 0317 0441 0576
4 0066 0400 0547
4 0259 0390 1118
4 0038 0390 0745
4 0317 0448 0690
4 0078 0390 0487
4 0096 0338 0390
4 0038 0066 1260
4 0034 0317 0448
4 0038 0317 1069
4 0038 0441 0448
4 0038 0400 0473
4 0390 0676 0762
4 0092 0390 0554
4 0180 0390 0762
4 0204 0317 1996
4 0038 0548 0745
4 0390 0425 0851
4 0038 0288 0442
4 0038 0288 0938
4 0038 0338 0398
4 0390 0441 0786
4 0180 0390 0676
4 0390 0554 2242
4 0390 0421 0929
4 0317 0473 0830
4 0078 0390 0473
4 0390 0880 4577
4 0180 0390 0425
4 0390 2054 8227
4 0253 0390 0473
4 0253 0390 5085
4 0174 0317 0390
4 0038 0390 2050
4 0038 0412 5783
4 0038 0288 0548
4 0038 0317 1119
4 0317 0874 1263
4 0317 1069 1889
4 0038 0276 0317
4 0038 0359 0601
4 0038 0415 2309
4 0038 0548 0867
4 0317 0390 2242
4 0037 0390 0554
4 0251 0390 0425
4 0367 0390 0425
4 0038 0408 0745
4 0038 0158 0548
4 0038 0108 0389
4 0066 0390 0548
4 0038 0487 0548
4 0066 0167 0390
4 0317 0473 1263
4 0317 0390 0754
4 0204 0390 0520
4 0038 0253 1506
4 0038 0288 0390
4 0038 0548 0576
4 0038 0282 0509
4 0282 0509 0878
4 0317 0786 1102
4 0038 0066 9743
4 0038 0354 2570
4 0139 0317 0563
4 0096 0317 0548
4 0038 0548 2260
4 0038 0317 0576
4 0390 0442 3504
4 0096 0317 0563
4 0317 1815 1889
4 0129 0390 0448
4 0129 0338 0390
4 0108 0390 0548
4 0317 0549 0892
4 0317 0563 0805
4 0390 0576 1893
4 0359 0390 0603
4 0038 0317 1815
4 0317 0390 0576
4 0317 0576 0892
4 0389 0425 0563
4 0038 0096 0317 0473
4 0096 0317 0389 0390
4 0096 0317 0390 0473
4 0096 0389 0390 0473
4 0038 0066 0400 0416
4 0038 0317 0448 0472
4 0038 0066 0400 1992
4 0317 0425 0770 2041
4 0195 0317 0441 0448
4 0038 0389 0390 0548
4 0038 0257 0472 1821
4 0038 0317 0448 0548
4 0038 0317 0448 2260
4 0038 0066 0317 0548
4 0317 0448 0473 0892
4 0038 0509 1889 5601
4 0317 0390 0448 2068
4 0129 0353 0359 0390
4 0038 0317 0548 0563
4 0390 0880 0881 4070 8067
4 0317 0390 0425 0448 1102