21 0060 0174
21 0067 1419
19 0060 0661
19 0060 0211
19 0060 0755
17 0035 0067
17 0060 0929
17 0088 0944 3644
16 0039 0060
15 0036 1185
15 0067 3523
15 0299 2101
15 0060 0323 0439
14 0060 0499
14 0067 0237
14 0060 1029
13 0035 0060
13 0060 0395
13 0067 0596
13 0060 0656
13 0060 1022
13 0005 0067
12 0067 0211
12 0067 0525
12 0067 0183
12 0037 0060
12 0067 1160
12 0060 0926
12 0060 0369
12 0060 0335
12 0067 0159
12 0067 1261
12 0060 1638
11 0067 0348
11 0067 0478
11 0088 0418
11 0060 0469
11 0060 0183
11 0627 1022
11 0067 0909
11 0067 0174
11 0067 2394
11 0060 0478
11 0067 0293
11 0067 0115
11 0067 0946
11 0060 0500
11 0060 1083
11 0067 0716
11 0060 0067 2160
10 0060 0379
10 0060 1070
10 0067 0604
10 0060 1219
10 0057 0060
10 0067 0450
10 0060 0162
10 0067 0427
10 0060 0089
10 0067 0393
10 0060 1191
10 0067 0566
10 0060 1259
10 0060 1010
10 0060 1983
10 0067 1496
10 0060 1940
10 0088 0299
10 0060 0590 0591
10 0060 0479 0544
10 0060 0067 0627
9 0060 0064
9 0060 0086
9 0067 0500
9 0060 0697
9 0060 1125
9 0060 0525
9 0060 0889
9 0067 0467
9 0067 0697
9 0060 0457
9 0067 1051
9 0060 0503
9 0060 0693
9 0244 0323
9 0060 0240
9 0018 0060 0481
9 0088 0755 2099
9 0323 0439 1110
9 0067 0323 0439
8 0060 0237
8 0060 0464
8 0060 0490
8 0060 0370
8 0067 0205
8 0060 1136
8 0067 0985
8 0060 0747
8 0037 0067
8 0067 0457
8 0060 0167
8 0067 0537
8 0067 1100
8 0067 0342
8 0060 2369
8 0036 0323
8 0060 0600
8 0067 2712
8 0060 0996
8 0088 0543
8 0067 3082
8 0060 0085
8 0067 1029
8 0067 1227
8 0060 0950
8 0067 0503
8 0060 0502
8 0067 4542
8 0060 0067 0136
8 0060 0067 0479
8 0018 0067 0479
8 0060 0067 0418
8 0067 0479 0544
8 0018 0323 0439 0479
7 0120
7 1248
7 0060 0515
7 0067 1041
7 0060 1067
7 0088 1316
7 0060 0547
7 0088 0237
7 0067 0527
7 0067 1213
7 0067 0913
7 0067 0370
7 0060 0205
7 0060 0604
7 0067 0340
7 0088 0325
7 0060 0797
7 0067 1381
7 0067 0600
7 0067 0379
7 0067 0959
7 0060 1512
7 0088 0362
7 0060 0342
7 0043 0060
7 0088 1129
7 0060 2303
7 0067 0227
7 0060 1101
7 0946 1211
7 0067 0447
7 0088 0330
7 0067 2745
7 0060 0491
7 0060 0566
7 0067 0369
7 0067 0357
7 0060 1789
7 0067 0950
7 0067 0686
7 0060 0541
7 0088 3094
7 0060 1012
7 0088 0661
7 0018 0060 0323
7 0011 0060 0286
7 0060 0067 0628
7 0060 0479 0543
7 0060 0088 0686
7 0323 0439 0479 0544
6 0050
6 0308
6 0315
6 0486
6 0961
6 1074
6 1617
6 2432
6 4121
6 0060 0380
6 0088 0211
6 0060 0842
6 0060 0971
6 0244 0543
6 0067 0443
6 0036 1022
6 0060 1372
6 0067 0085
6 0060 1486
6 0067 0524
6 0088 1068
6 0067 0571
6 0018 1029
6 0439 0621
6 0067 0350
6 0060 0431
6 0042 0060
6 0067 2303
6 0088 0500
6 0060 0482
6 0060 0835
6 0067 1010
6 0060 2624
6 0060 0258
6 0060 2671
6 0088 1185
6 0060 1057
6 0060 1794
6 0060 0310
6 0067 0797
6 0060 1518
6 0067 0944
6 0088 0987
6 0067 3380
6 0088 1160
6 0060 2848
6 0060 3598
6 0060 0495
6 0060 0501
6 0060 0336
6 0040 0067
6 0060 0851
6 0060 1546
6 0323 2745
6 0067 1219
6 0060 3082
6 0067 3094
6 0088 0089
6 0060 0334
6 0060 1192
6 0060 0180
6 0323 1043
6 0060 0424
6 0067 3181
6 0060 0893
6 0543 0627
6 0060 0921
6 0067 0903
6 0060 2246
6 0067 0336
6 0018 0755
6 0067 1242
6 0060 0601
6 0067 1049
6 0005 0088
6 0067 0661
6 0067 1259
6 0067 0691
6 0088 1983
6 0067 0362 0627
6 0067 0191 0767
6 0045 0067 0436
6 0060 0828 0829
6 0060 0067 0325
6 0060 0067 1025
6 0018 0479 0524
6 0060 0067 1043
6 0060 0362 2331
6 0060 0299 1129
6 0060 0748 1120
6 0088 2099 3877
6 0000 0067 0439
6 0060 0418 0748
6 0018 0479 0481
6 0060 0067 0453
6 0060 0362 0627
6 0060 0067 0362
6 0067 0418 0626
6 0060 0323 0418
6 0060 0067 0177
6 0018 0060 0067
6 0060 0067 0470 1129
6 0018 0060 0164 0436
5 0080
5 0113
5 0226
5 0428
5 0433
5 0581
5 0652
5 0679
5 0770
5 0879
5 1096
5 1264
5 1366
5 1382
5 1564
5 2357
5 2505
5 2925
5 3519
5 3623
5 3736
5 3881
5 4051
5 4197
5 4267
5 4359
5 4651
5 0035 0036
5 0088 0677
5 0067 0655
5 0060 0666
5 0088 1025
5 0067 0337
5 0060 0642
5 0060 1342
5 0088 0527
5 0036 1070
5 0627 1025
5 0067 0693
5 0323 0481
5 0481 1950
5 0479 0889
5 0060 1997
5 0067 1532
5 0060 0434
5 0067 0573
5 0439 0481
5 0060 1957
5 0067 2161
5 0046 0060
5 0036 0427
5 0060 2332
5 0067 0426
5 0067 0187
5 0060 1810
5 0060 0985
5 0088 0838
5 0060 0357
5 0060 0653
5 0088 0697
5 0088 0715
5 0060 0519
5 0067 0519
5 0060 2747
5 0067 1413
5 0067 3530
5 0001 0067
5 0060 0168
5 0060 1556
5 0060 1440
5 0060 3791
5 0060 0784
5 0067 0603
5 0056 0067
5 0088 1419
5 0060 1076
5 0060 0108
5 0067 1212
5 0060 2843
5 0060 4015
5 0088 4036
5 0067 0086
5 1129 4100
5 0060 0648
5 0060 2329
5 0060 1211
5 0067 0917
5 0067 1211
5 0330 0418
5 0067 0762
5 0045 0323
5 0067 4341
5 0060 2037
5 0088 0416
5 0067 0541
5 0060 0447
5 0060 1594
5 0060 0974
5 0060 2238
5 0323 0987
5 0067 3937
5 0067 0543
5 0244 0481
5 0060 4749
5 0060 4109
5 0060 1822
5 0067 0464
5 0060 3867
5 0088 3339
5 0088 2160
5 0067 0240
5 0060 0570
5 0088 0917
5 0060 0409
5 0088 1070
5 0067 0089
5 0060 0836
5 0067 0601
5 0009 0067
5 0060 0350
5 0064 0299
5 0067 0431
5 0067 1585
5 0439 1585
5 0067 2101
5 0036 0726
5 0060 2478
5 0067 2478
5 0067 5917
5 0060 1865
5 0541 2478
5 0060 0346
5 0088 0967
5 0060 3339
5 0060 1495
5 0067 1389
5 0067 1573
5 0060 0087
5 0018 0416
5 0060 6623
5 0067 1004
5 0416 0481
5 0481 0527
5 0036 0060 0524
5 0018 0067 0325
5 0018 0325 0479
5 0060 0067 0827
5 0060 0116 2677
5 0060 0067 0439
5 0067 2160 3598
5 0060 0067 0083
5 0067 0627 2396
5 0060 0706 1620
5 0060 0067 0805
5 0060 0418 0626
5 0060 0067 0116
5 0067 0453 2160
5 0060 0067 0626
5 0060 0067 1026
5 0018 0244 0479
5 0067 2848 3647
5 0067 0481 0627
5 0060 0177 2218
5 0323 0439 0755
5 0060 0496 1836
5 0060 0177 1225
5 0060 0804 0829
5 0060 0088 0479
5 0021 0060 0088
5 0036 0060 0088
5 0036 0088 0627 0628
5 0060 0117 1151 1975
5 0018 0060 0479 0573
4 0008
4 0012
4 0029
4 0033
4 0058
4 0252
4 0307
4 0351
4 0385
4 0437
4 0516
4 0557
4 0574
4 0586
4 0606
4 0698
4 0722
4 0749
4 0795
4 0830
4 0840
4 0863
4 0911
4 0918
4 0976
4 10488
4 1069
4 1085
4 1102
4 1163
4 1206
4 1217
4 1249
4 1276
4 1290
4 1329
4 1335
4 1394
4 1465
4 1467
4 1590
4 1610
4 1647
4 1688
4 1821
4 1842
4 1851
4 1942
4 2021
4 2024
4 2031
4 2109
4 2139
4 2220
4 2226
4 2260
4 2283
4 2305
4 2310
4 2378
4 2498
4 2686
4 2733
4 2739
4 2781
4 2793
4 2832
4 3026
4 3467
4 3546
4 3600
4 3621
4 3643
4 3658
4 3784
4 3806
4 3849
4 4081
4 4130
4 4244
4 4245
4 4285
4 4303
4 4343
4 4404
4 4462
4 4545
4 4671
4 4689
4 4747
4 4823
4 4918
4 5953
4 6055
4 6092
4 8780
4 0036 0039
4 0067 0259
4 0060 0465
4 0060 0467
4 0060 0511
4 0060 0266
4 0088 0626
4 0625 0626
4 0067 0409
4 0088 0587
4 0036 0621
4 0060 0931
4 0088 0946
4 0067 0914
4 0067 1101
4 0060 1103
4 0060 1135
4 0067 1166
4 0036 1064
4 0060 1187
4 0088 1136
4 0067 0250
4 0067 0619
4 0085 0362
4 0060 1381
4 0060 1094
4 0060 1213
4 0067 0490
4 0060 0429
4 0060 1532
4 0067 1125
4 0060 0242
4 0067 1083
4 0088 0591
4 0439 0591
4 0481 0591
4 0067 0687
4 0060 0160
4 0481 0745
4 0060 1553
4 0060 1429
4 0060 0161
4 0060 2351
4 0060 0687
4 0060 1090
4 0088 1090
4 0067 0242
4 0036 0299
4 0067 0090
4 0067 0408
4 0088 1682
4 0067 1095
4 0067 1192
4 0067 0381
4 0060 2807
4 0237 0715
4 0067 2842
4 0060 2594
4 0067 0982
4 0019 0036
4 0481 0889
4 0067 1136
4 0457 3145
4 0088 1022
4 0060 3263
4 0067 0623
4 0067 3269
4 0060 1525
4 0088 2042
4 0060 0701
4 0299 0325
4 0060 1602
4 0060 3523
4 0543 3647
4 0060 1765
4 0067 0499
4 0067 0929
4 0748 0967
4 0060 3981
4 0067 1012
4 0060 1371
4 0060 4064
4 0060 1670
4 0088 1855
4 0067 2545
4 0060 2743
4 0060 0917
4 0067 0515
4 0067 2186
4 0060 2745
4 0088 2161
4 0067 1638
4 0060 1430
4 0362 3082
4 0060 4312
4 0067 1650
4 0088 0490
4 0060 1389
4 0067 0996
4 0060 3502
4 0369 0418
4 0060 0762
4 0416 0500
4 0116 0439
4 0060 2984
4 0067 2624
4 0067 4297
4 0067 0593
4 0067 1808
4 0323 0426
4 0067 0204
4 0060 0622
4 0330 0987
4 0874 2057
4 0060 4542
4 0067 0162
4 0067 1940
4 0323 0325
4 0060 2120
4 0115 0116
4 0067 4963
4 0481 1940
4 0350 0621
4 0067 1815
4 0060 2029
4 0060 2312
4 0067 2403
4 0067 4432
4 0088 0117
4 0088 0706
4 0060 1770
4 0627 1129
4 0060 1185
4 0060 0817
4 0060 2073
4 0088 2238
4 0088 0218
4 0067 1223
4 0481 0661
4 0067 0756
4 0088 1810
4 0067 3587
4 0088 2101
4 0009 0060
4 0088 0909
4 0060 2296
4 0067 1880
4 0067 4667
4 0088 1620
4 0060 5408
4 0088 1057
4 0060 6031
4 1261 2659
4 0067 6015
4 0439 0457
4 0067 3129
4 0088 0656
4 0088 0488
4 0060 1834
4 0060 2344
4 0067 0310
4 0067 0708
4 0067 0424
4 0060 5242
4 0088 0596
4 0060 0427
4 0060 0193
4 0067 0266
4 0060 1041
4 0067 1018
4 0060 2200
4 0479 2042
4 0088 0678
4 0060 1195
4 0088 1638
4 0067 2655
4 0060 0872
4 0067 0747
4 0627 0686
4 0036 4542
4 0060 5279
4 0060 0846
4 0625 0987
4 0060 1004
4 0439 2072
4 0060 2194
4 0628 5408
4 0060 5804
4 0439 3584
4 0067 0653
4 0060 2101
4 0018 0325 0481
4 0000 0018 0060
4 0060 0067 0587
4 0060 0177 0813
4 0060 0481 0621
4 0060 0362 0639
4 0067 0678 0967
4 0060 0323 0362
4 0067 0590 0591
4 0045 0060 0436
4 0060 0479 0524
4 0018 0479 1908
4 0067 0325 2160
4 0060 0067 0376
4 0060 0479 2403
4 0067 0838 1022
4 0056 0060 0832
4 0060 0067 0339
4 0067 0088 0755
4 0060 0323 0543
4 0323 0439 0543
4 0032 0060 0067
4 0060 0159 0362
4 0060 0088 0944
4 0060 0418 0827
4 0060 0827 1267
4 0067 0627 0628
4 0067 0628 2160
4 0060 0116 2160
4 0060 0067 1764
4 0060 0678 0967
4 0164 0436 0439
4 0323 0439 1129
4 0018 0036 0067
4 0060 1349 1350
4 0060 0116 4242
4 0060 0177 0323
4 0060 0418 1808
4 0060 0362 3051
4 0060 0362 0418
4 0067 0748 1120
4 0060 0067 0332
4 0060 0332 0995
4 0060 0543 0824
4 0088 0748 2099
4 0088 1261 2099
4 0060 0362 1261
4 0323 0439 0946
4 0060 0088 0481
4 0060 0543 0573
4 0060 0067 0539
4 0067 0479 0627
4 0067 0627 1975
4 0067 0116 2160
4 0060 0272 0543
4 0018 0479 0967
4 0067 0439 0721
4 0299 0721 3598
4 0323 0439 1067
4 0067 0439 0755
4 0060 0067 0625
4 0067 0625 0628
4 0060 0543 1585
4 0088 0828 0829
4 0323 0439 1261
4 0060 0067 0838
4 0018 0088 0479
4 0060 0067 0677
4 0828 0829 0967
4 0067 0378 0587
4 0060 0699 0804
4 0067 0164 0436
4 0067 0088 0627
4 0060 0067 2396
4 0036 0481 0628
4 0060 0088 0625
4 0018 0060 0272
4 0067 0497 0893
3 0022
3 0047
3 0051
3 0061
3 0091
3 0126
3 0175
3 0236
3 0261
3 0262
3 0367
3 0386
3 0430
3 0449
3 0489
3 0504
3 0538
3 0560
3 0582
3 0605
3 0636
3 0669
3 0683
3 0713
3 0729
3 0826
3 0854
3 0867
3 0882
3 0887
3 0912
3 0939
3 0953
3 0968
3 1008
3 1009
3 1014
3 10214
3 1036
3 1052
3 1073
3 1105
3 1112
3 1115
3 1118
3 1127
3 1142
3 1147
3 1148
3 1150
3 1159
3 1179
3 1289
3 1369
3 1373
3 1374
3 1375
3 1383
3 1393
3 1437
3 1491
3 1505
3 1529
3 1554
3 1558
3 1568
3 1581
3 1588
3 1608
3 1613
3 1629
3 1639
3 1666
3 1679
3 1725
3 1737
3 1754
3 1761
3 1869
3 1885
3 1886
3 1900
3 1911
3 1947
3 1953
3 1954
3 1960
3 1964
3 1977
3 1989
3 2083
3 2084
3 2093
3 2128
3 2172
3 2174
3 2185
3 2192
3 2202
3 2209
3 2219
3 2235
3 2244
3 2253
3 2254
3 2288
3 2304
3 2323
3 2381
3 2468
3 2480
3 2490
3 2516
3 2548
3 2552
3 2568
3 2570
3 2710
3 2756
3 2808
3 2814
3 2907
3 2931
3 2954
3 2963
3 2966
3 2968
3 2985
3 3004
3 3062
3 3069
3 3138
3 3143
3 3147
3 3200
3 3458
3 3498
3 3507
3 3537
3 3669
3 3783
3 3793
3 3865
3 3903
3 3972
3 4019
3 4179
3 4193
3 4226
3 4233
3 4238
3 4246
3 4277
3 4281
3 4294
3 4324
3 4330
3 4348
3 4379
3 4391
3 4401
3 4405
3 4416
3 4456
3 4484
3 4544
3 4583
3 4586
3 4607
3 4800
3 4890
3 4891
3 4950
3 4968
3 4978
3 5057
3 5181
3 5184
3 5223
3 5248
3 5286
3 5303
3 5400
3 5439
3 5481
3 5538
3 5605
3 5811
3 5831
3 6064
3 6226
3 6493
3 6581
3 6589
3 6638
3 6789
3 6875
3 7157
3 7705
3 7793
3 7883
3 9451
3 0060 0063
3 0067 0069
3 0060 0077
3 0036 0162
3 0060 0381
3 0088 0426
3 0067 0451
3 0060 0468
3 0339 0499
3 0060 0082
3 0174 0514
3 0573 0590
3 0626 0627
3 0060 0741
3 0488 0950
3 0088 1101
3 0088 0244
3 0067 1156
3 0052 0067
3 0052 1108
3 0036 1018
3 0627 1241
3 0642 1342
3 0067 0469
3 0067 0304
3 0067 1440
3 0067 1451
3 0524 1070
3 0060 0680
3 0060 0278
3 0060 1095
3 0067 1396
3 0020 0060
3 0067 1559
3 0627 1043
3 0623 1650
3 0067 0594
3 0067 1509
3 0060 1895
3 0060 0127
3 0067 1948
3 0060 0188
3 0323 1950
3 0060 0743
3 0067 0264
3 0067 2026
3 0060 0406
3 0036 0242
3 0479 1029
3 0088 0621
3 0060 2151
3 2160 2161
3 0067 1429
3 0060 2224
3 0481 0545
3 0067 1908
3 0060 2338
3 0116 1129
3 0060 2402
3 0067 1565
3 0067 0195
3 0067 0610
3 0060 1584
3 0060 2502
3 0088 0393
3 0439 2394
3 0060 0596
3 0067 2599
3 0060 1682
3 0439 0697
3 0060 2528
3 0060 0081
3 0067 0123
3 0060 1123
3 0060 2815
3 0060 0715
3 0088 0532
3 0088 1957
3 1022 2303
3 0020 0479
3 0060 2897
3 0060 2098
3 0088 0370
3 0088 1120
3 0088 0334
3 0060 3056
3 0060 1413
3 0136 0174
3 0088 0174
3 0036 0467
3 0060 0260
3 0601 0627
3 0323 2099
3 0060 0982
3 0067 0121
3 0060 0594
3 0067 1561
3 0060 0599
3 0393 0678
3 0060 3400
3 0057 0067
3 0067 2406
3 0067 3557
3 0036 0037
3 0060 0153
3 0060 1379
3 0060 0937
3 0043 0678
3 0060 3638
3 0060 3652
3 0325 0628
3 0067 3460
3 0053 0060
3 0227 0627
3 0543 2848
3 0060 1100
3 0067 3154
3 0088 0736
3 0088 1012
3 0067 0676
3 0067 1771
3 0067 1765
3 0272 0755
3 0060 0873
3 0040 0418
3 0060 0139
3 0067 0139
3 0060 1419
3 0191 0627
3 0060 1897
3 0060 3934
3 0060 0158
3 0478 0748
3 0018 0748
3 0018 0117
3 0018 1975
3 1212 1483
3 0479 2608
3 0060 0956
3 0191 0838
3 0036 1183
3 0088 0513
3 0060 0716
3 0088 1546
3 0060 0638
3 0590 0627
3 0020 0036
3 0378 0481
3 0378 0653
3 0481 0686
3 0060 0649
3 0067 1927
3 0067 2099
3 0060 4255
3 0060 4259
3 0334 0827
3 0827 2745
3 0060 3531
3 0060 1969
3 0060 4278
3 0067 1969
3 0067 1342
3 0060 1064
3 0136 0362
3 0067 3059
3 0362 1129
3 1129 3059
3 0362 0748
3 0627 0748
3 0748 3082
3 0088 1402
3 0323 0626
3 0060 4325
3 0060 4326
3 0060 2234
3 0060 2702
3 0060 0919
3 0718 0981
3 0067 4362
3 0330 4362
3 0418 1051
3 0060 0186
3 0116 0627
3 0060 4399
3 0323 0805
3 0418 0469
3 0088 0718
3 0032 0088
3 0060 4452
3 0067 1594
3 0067 2984
3 0060 0421
3 0088 2745
3 0060 3877
3 0062 0067
3 2331 4297
3 0067 0995
3 0626 2160
3 0067 3339
3 0177 0827
3 0272 0627
3 0088 0369
3 0177 0805
3 0362 4437
3 0060 3501
3 0060 2394
3 0336 1010
3 0067 0335
3 0067 4452
3 0060 2816
3 0323 2331
3 0718 0987
3 0060 0898
3 0067 0333
3 0453 0539
3 0060 0329
3 0060 2294
3 0088 0183
3 0060 3017
3 0272 0362
3 0272 0481
3 0067 3867
3 0827 1808
3 0067 4742
3 0018 0027
3 0323 0478
3 0362 0464
3 0060 0333
3 0060 0940
3 0036 0677
3 0060 2611
3 0088 0666
3 0060 0414
3 0060 4112
3 0060 4571
3 0067 2785
3 0088 4180
3 0060 1572
3 0060 0450
3 0088 3232
3 0088 3598
3 0838 2160
3 0323 1227
3 0060 0874
3 0067 1144
3 0018 1129
3 0018 1026
3 0088 0950
3 0950 4402
3 0088 2396
3 0060 4481
3 0018 0500
3 0060 2938
3 0088 0502
3 0060 0497
3 0067 0680
3 0621 0681
3 0060 3647
3 0479 4542
3 0060 0568
3 0060 0682
3 0067 0730
3 0350 0479
3 0323 0537
3 0244 2848
3 0056 0323
3 0127 0323
3 0060 1242
3 0067 2544
3 0244 2544
3 0177 0244
3 0323 0621
3 0621 2608
3 0481 1975
3 0088 0162
3 0060 0685
3 0060 1426
3 0060 1098
3 0453 2544
3 0018 0039
3 0040 0439
3 0439 1012
3 0060 2440
3 0479 0745
3 0601 0621
3 0060 1901
3 0060 2757
3 0187 0323
3 0177 1582
3 0067 1194
3 0115 0272
3 0299 1022
3 0088 0492
3 0088 0501
3 0470 0501
3 0000 0362
3 0060 2161
3 0018 0817
3 0299 0439
3 0587 0627
3 0060 5261
3 0060 0187
3 0136 0628
3 0060 0259
3 0067 1064
3 0088 1223
3 0755 1223
3 0060 0938
3 0060 2792
3 0481 0673
3 0067 1676
3 0067 1076
3 0088 0893
3 0459 0893
3 0060 2145
3 0067 1658
3 0192 0439
3 0060 2649
3 0755 0838
3 0067 0731
3 0060 2044
3 0067 1976
3 0067 0547
3 0035 0088
3 0676 0909
3 0088 0453
3 0067 0488
3 0060 5816
3 0627 0755
3 0018 1836
3 0323 0335
3 0018 0525
3 0060 2545
3 2478 2545
3 0121 0323
3 0272 0573
3 0514 0518
3 0088 1585
3 0060 0280
3 0089 0479
3 0067 1674
3 0299 0470
3 0322 0323
3 0060 3078
3 0323 0656
3 0479 0656
3 0543 1261
3 0519 0573
3 0067 2098
3 0627 1151
3 0088 1232
3 0060 2324
3 0018 0056
3 0337 0479
3 0067 0097
3 0627 3644
3 0755 1261
3 0060 2507
3 0060 4942
3 0067 4953
3 0018 0661
3 0829 2659
3 0323 4261
3 0045 1261
3 0060 0777
3 0018 0721
3 0721 0838
3 0088 2394
3 0060 1451
3 0193 0323
3 0060 2608
3 0067 1023
3 0116 2042
3 0045 0488
3 0018 2394
3 0323 0370
3 0060 6268
3 0067 2037
3 0088 0250
3 0067 0459
3 0088 1573
3 0067 2608
3 0060 0156
3 0060 2809
3 0052 0060
3 0067 1047
3 0067 2369
3 0067 1225
3 0067 2866
3 0060 0348
3 0067 0180
3 0067 0087
3 0036 0134
3 0088 0981
3 0067 0110
3 0018 0045
3 0244 1043
3 0543 1908
3 0060 5448
3 0067 2792
3 0088 0192
3 0067 2296
3 0088 1088
3 0060 2799
3 0021 0067
3 0067 3821
3 1495 1670
3 0036 0653
3 0005 0036
3 0067 0715
3 0439 0678
3 0244 0299
3 0067 0247
3 0323 2659
3 0067 1673
3 0323 0721
3 0060 1457
3 0067 2151
3 1029 1261
3 0060 1855
3 0060 3559
3 0060 0423
3 0067 2229
3 0060 0455
3 0117 0537
3 0104 0439
3 0439 1500
3 2773 8071
3 0000 0625
3 0018 0673
3 0272 5242
3 0067 2631
3 0721 0755
3 0088 0395
3 0088 2029
3 0088 2194
3 0479 0527
3 0060 8242
3 0088 0134
3 0067 1187
3 0177 0748
3 0481 1185
3 0060 2834
3 0060 8071
3 0060 4421
3 0060 0839
3 0088 0566
3 0465 0620
3 0005 0060
3 0036 0544
3 0088 3126
3 0018 4032
3 0060 0498
3 0067 2913
3 0067 2074
3 0060 2158
3 0067 2158
3 0018 0136
3 0656 1512
3 0088 0746
3 0686 0746
3 0088 0424
3 0060 1266
3 0539 0627
3 0590 0721
3 0408 0481
3 0060 9035
3 0503 1865
3 0625 9035
3 0240 0621
3 0036 0889
3 0088 0889
3 0621 0627
3 0539 2544
3 0136 0479
3 0060 4961
3 0067 1865
3 0104 0686
3 0060 2928
3 0067 2928
3 0116 0591
3 0323 0813
3 0060 0610
3 0060 0662
3 0060 0694
3 0088 2842
3 0060 5555
3 0036 0257
3 0686 0813
3 0060 4987
3 0035 0543
3 0060 0790
3 0060 2230
3 0088 2200
3 0067 1107
3 0060 0325 0339
3 0018 0060 0337
3 0021 0060 0337
3 0036 0625 0628
3 0625 0627 0628
3 0060 0067 0545
3 0060 0067 0621
3 0018 0060 0492
3 0060 0117 0908
3 0067 0117 0908
3 0088 0136 0745
3 0067 0791 0792
3 0060 1673 1674
3 0060 0067 1950
3 0067 0842 1129
3 0060 0067 0435
3 0060 0250 0479
3 0036 0060 0416
3 0036 0416 0479
3 0060 0524 0620
3 0027 0060 0067
3 0067 0479 2160
3 0060 0088 1227
3 0060 0067 0218
3 0060 0115 1151
3 0060 0362 1151
3 0060 0393 0518
3 0000 0060 0088
3 0060 0791 0792
3 0164 0323 0436
3 0045 0060 0088
3 0060 0088 0676
3 0060 0067 0088
3 0060 0067 0532
3 0060 0479 0859
3 0056 0370 0832
3 0042 0067 1025
3 0000 0479 0481
3 0060 0543 0838
3 0323 0439 0838
3 0088 0323 0376
3 0088 0323 0755
3 0018 0036 0060
3 0088 0594 1525
3 0088 0721 0881
3 0060 0088 1051
3 0036 0060 2403
3 0032 0067 0627
3 0067 0755 2659
3 0299 0678 1129
3 0060 0088 1824
3 0060 0418 0426
3 0060 0418 3653
3 0067 0627 1764
3 0018 0060 0418
3 0067 0627 2160
3 0325 0627 2160
3 0627 0628 3598
3 0627 2160 3598
3 0018 0479 0543
3 0067 0161 0937
3 0060 0987 3232
3 0060 0067 1662
3 0067 1191 3848
3 0018 0060 0967
3 0018 0678 0967
3 0060 0376 0783
3 0067 0627 0760
3 0018 0481 4126
3 0479 4125 4126
3 0018 0036 0628
3 0018 0067 0628
3 0067 0362 0470
3 1261 2099 3877
3 0060 0418 3530
3 0060 0116 0330
3 0060 0481 1120
3 0060 0067 0416
3 0060 0273 4315
3 0060 0332 0827
3 0060 0332 3530
3 0060 0362 0718
3 0060 0177 0330
3 0060 0088 0903
3 0060 0903 0944
3 0088 0903 0944
3 0060 0362 0909
3 0060 0418 4393
3 0060 0418 2331
3 0323 0748 1120
3 0060 0418 1402
3 0067 0330 0718
3 0060 0488 1183
3 0060 0067 0745
3 0060 0362 4242
3 0060 0362 4297
3 0067 0627 0827
3 0060 0067 0987
3 0067 0196 2160
3 0018 0060 0838
3 0060 2359 3051
3 0067 0362 0418
3 0067 0323 0362
3 0067 0439 1512
3 0060 0116 0453
3 0060 0453 2677
3 0060 0453 0987
3 0060 0748 0827
3 0060 0539 0543
3 0060 0946 0987
3 0060 0088 2099
3 0060 0418 0909
3 0060 0880 0881
3 0323 0424 0439
3 0018 0299 3598
3 0040 0060 0362
3 0067 0625 2042
3 0056 0060 0116
3 0060 0721 1261
3 0244 0748 1120
3 0060 0623 1026
3 0116 0875 1261
3 0060 0088 0748
3 0060 4972 4973
3 0060 0527 1950
3 0067 0244 1022
3 0060 0481 0488
3 0060 0488 3181
3 0060 0481 0573
3 0067 0453 0479
3 0067 0196 0501
3 0060 0293 0479
3 0060 0067 0481
3 0018 0481 0967
3 0060 0067 0590
3 0060 0115 0824
3 0060 0269 0270
3 0269 0299 1129
3 0067 0299 1343
3 0088 0470 0944
3 0060 0439 0691
3 0018 0060 0244
3 0060 0479 0481
3 0060 0479 0967
3 0060 0177 2160
3 0060 0323 1110
3 0060 0479 4496
3 0036 0227 0760
3 0060 0067 0272
3 0060 0272 0393
3 0067 0088 0439
3 0060 0104 0481
3 0060 0067 0726
3 0323 0439 2042
3 0088 0686 2773
3 0067 0193 0439
3 1343 2160 5408
3 0067 0656 0755
3 0060 0177 0650
3 0000 0067 1129
3 0000 0323 0439
3 0299 1343 5408
3 0067 0514 1764
3 0060 0323 0766
3 0060 0115 0393
3 0060 0164 0590
3 0060 0436 0590
3 0018 0272 0479
3 0272 0323 0439
3 0089 1637 1638
3 0060 1758 3505
3 0060 0514 4608
3 0088 0479 0544
3 0060 0543 1350
3 0060 0481 0524
3 0060 0067 0104
3 0060 0067 1151
3 0060 0721 2868
3 0060 4125 4126
3 0067 0625 2160
3 0018 0479 0544
3 0011 0067 0286
3 0323 0439 0499
3 0323 0439 0627
3 0060 0067 0514
3 0060 0067 0518
3 0060 0518 0677
3 0323 0439 2848
3 0067 0244 0627
3 0018 0060 1261
3 0067 0134 0439
3 0018 0464 0479
3 0067 0828 0829
3 0060 0116 0875
3 0067 0134 0323
3 0088 0829 2099
3 0748 0829 2099
3 0089 0323 0439
3 0323 0499 0946
3 0060 0628 1026
3 0299 2160 5408
3 0067 0721 2868
3 0067 0755 1983
3 0060 0829 1261
3 0067 0323 0755
3 0088 0323 0439
3 0060 0116 0837
3 0036 0060 0067
3 0067 0257 2234
3 0043 0067 0068
3 0060 0627 2544
3 0067 0479 0625
3 0060 0177 0418
3 0060 0116 1261
3 0036 0060 0488
3 0067 0436 0479
3 0018 0060 0325
3 0067 0299 2160
3 0067 2160 5408
3 0060 0191 0767
3 0067 0625 0627
3 0067 0805 2160
3 0067 0481 0625
3 0088 0880 0881
3 0036 0067 0088
3 0060 0325 0479
3 0060 0088 0177
3 0018 0479 0621
3 0067 0418 0439
3 0060 0545 0628
3 0060 0967 2042
3 0060 0067 0378
3 0000 0060 0479
3 0018 0481 0621
3 0060 0067 0196
3 0000 0479 0544
3 0479 0481 0544
3 0088 0450 0686
3 0088 0686 2229
3 0060 0062 0573
3 0018 0060 0088
3 0060 0580 2026
3 0590 0591 2928
3 0036 0416 0627 0628
3 0000 0067 0418 0726
3 0036 0060 0655 3182
3 0018 0479 2848 3647
3 0036 0416 0628 0967
3 0018 0164 0436 0479
3 0060 0164 0436 0479
3 0018 0036 0479 1261
3 0018 0060 0479 4126
3 0134 0323 0439 0967
3 0067 0258 0621 0718
3 0067 0083 1025 6031
3 0060 0164 0436 1908
3 0060 0340 1093 1397
3 0060 0362 0377 0378
3 0067 0117 1129 1975
3 0036 0067 0416 0628
3 0036 0060 0479 0628
3 0064 0067 0755 2665 3598
3 0067 0299 0628 1026 3598
3 0060 0327 0328 0756 0838 1129