0.052683312682205836 0253
0.042603974833385044 0255
0.035129593283668374 0196
0.020669191427245368 0194 0934
0.019946795679298898 0493 0494
0.018954314798002588 0233 0811
0.01530529885696167 0194 0441 0934
0.014592986927896163 0001
0.012414166070795386 0031 0811
0.010991442852952194 0565 1257
0.010874921567511745 0651 2598
0.010679072926231655 0757 5274 5772
0.010464919470176212 1574 4742
0.00882750344541085 0639 0982
0.008712355253409115 0301
0.00837223565989541 0030
0.008285924137834815 0253 2304
0.006965765041833206 0201 0512
0.006861419157369354 0811
0.006145638710769083 0554 0596
0.005843101353627193 0135
0.005605786162287507 0556
0.005566080596181813 0294 1764
0.0053816777861649175 0996
0.0051243895823856 0042
0.004307121539965912 0194 0441
0.004279684197536028 1506
0.00401596044927003 0042 2393
0.0039708028797811115 0368 0697
0.00388621768171435 0072
0.0038212673657086822 0026 0357
0.0036709211211192754 0757 5471
0.0036709211211192754 0757 5474
0.0036333429899979125 0757 5772
0.003502618173091924 0058
0.0034134327610629467 0716 5804
0.0034099556231209443 5274
0.0033634716973725037 5772
0.0032913615016123975 0235
0.0032147375609759164 0194 0299
0.003201753077947 0441 0517
0.0031766121586295874 1059
0.0031019206996555676 0105 0149
0.0030218988178930145 0129 0253
0.0030036721228143487 0253 0404
0.00298975261988667 0968
0.00298975261988667 2598
0.0029261873275165835 0031 1507
0.002925770341985119 0276 0312
0.002885622638233956 1153
0.0028276990188465553 0150 0381
0.0027323714633646495 0000 1625
0.002432105767778843 0301 0442
0.0024291740036579195 3857
0.002396512621375953 0120 0276
0.002282122103127843 0129 0791
0.002227582708908717 0441 2045
0.0021816731457865346 1625
0.00215649807915767 0253 0402
0.002063710725757856 0028 0294
0.0020572028565066605 0435 1044
0.0020021823121167946 0188 0729
0.0019726504861124336 2122
0.0019216212919609418 0280 0441
0.001916686776223093 0359 0596
0.0018685953874291688 0070
0.0018685953874291688 0375
0.0018685953874291688 1325
0.0018685953874291688 1408
0.0018685953874291688 2627
0.0018120626205456595 0402
0.0016817358486862519 0154
0.0016817358486862519 1853
0.0016817358486862519 3707
0.0016516816075743573 0135 0253
0.0015010979905464585 0253 1992
0.001494876309943335 1332
0.001494876309943335 2691
0.0014314958388335036 0011 0194
0.001362849801509389 0359 0554
0.001338013759326604 0233 1525
0.0013172237706031802 0028 1063
0.0013080167712004181 1200
0.0013080167712004181 1292
0.0013080167712004181 5471
0.0013080167712004181 5474
0.0013080167712004181 8633
0.0012607261668798988 0321
0.0012425940482522102 0729
0.0012301423469530547 2288
0.001229291042235728 0441 1573
0.001229291042235728 0441 0512
0.0012017958686780822 0026 0027 0196
0.0011923574259081362 0253 0260
0.0011712434377362468 0026 0129 0196
0.0011482338613656013 0517
0.0011211572324575014 1132
0.0011211572324575014 1984
0.0011211572324575014 2390
0.0011211572324575014 2576
0.0011046579921168143 0026 0791
0.0011017794533246085 0105 0201
0.0010761867625597291 0338 0441
0.0010699906008870591 0233 0276
0.001069990600887059 0359 0697
0.0010644798766681544 0140
0.001063053768960486 5804
0.0010516320158397454 0613
0.0010178930781994638 2020
0.0010121526405399033 1052
0.0009880458914307995 0105 0893
0.000983698647843956 2304
0.0009769626020406483 2855
0.0009477386772077323 5660
0.000938248252550106 2148
0.0009342976937145844 0910
0.0009342976937145844 1082
0.0009342976937145844 2526
0.0009342976937145844 3010
0.0009342976937145844 4266
0.0009342976937145844 4782
0.0009342976937145844 6389
0.0009342976937145844 8700
0.0008910373983771638 0234 0357
0.0008588664458833136 1614
0.0008474583439739224 0105 0934
0.0008427895405189146 0028 0982
0.0008288948440991323 3059
0.0008035934301325364 0802
0.0007569110199429978 2524
0.0007564179518763291 0359 1506
0.0007428010881334675 1481
0.0007385525475370401 0105 0403
0.0007249249165925779 0253 0969
0.0007249249165925779 0253 0280
0.0007233942813142832 0878
0.0007058034092490525 0264
0.0006958093752684045 1526
0.0006953764908778225 0029
0.0006746931567576266 0233 0547
0.0006340125760414776 0462
0.0006303630834399494 4742
0.0006149919123282764 1494
0.000590963881787387 0026 0559
0.0005713101414346611 3638
0.0005605561762797082 0211 0359
0.0005555779980676836 0635
0.0005097440733581526 0689
0.0005082782833279248 0160
0.0005068980860087121 1633
0.0004627520946066842 0253 0276
0.0004495760198084572 1090
0.0004146741460201398 1805
0.0003885969330178259 0717
0.0003885969330178259 1574
0.0003675842783503514 5338
0.0003481555373696127 0634
0.0003481191030561181 0636
0.00034808603174683834 2045
0.00030347508595827196 0338 0359
0.00028935771252571325 2786
0.000279681977381665 0969
0.00026768190599259136 2246
0.0002493598978898911 0105 0517
0.00024433641340198913 0129 0196
0.00023825395741974224 0253 1044
0.00021377382280761957 0028 1525
0.00019787437696658467 0353 0359
0.00018236317114548288 0450
0.0001793249159266146 0027 0255
0.00017042654901480234 0028 0381
0.0001484400595733551 1381
0.00012831453987667354 0105 4742
0.00010562342622617599 0359 1163
0.00010090831630865108 0196 0294
9.201849670445186e-05 0253 0400
6.749446211112226e-05 1089
6.734521157430945e-05 1288
5.482814250255999e-05 0026 0321
1.572463544033154e-05 0158 0253
-6.178727937717719e-06 0105 0680
-2.4005093522031758e-05 1093
-4.0676027153781605e-05 0028 0594
-7.375607225612623e-05 5458
-7.878056185683042e-05 0028 0164
-7.967205104703931e-05 0441 1506
-8.102547850944187e-05 0945
-8.102547850944187e-05 1075
-0.00014872040275033737 0354
-0.0001661845397669001 1521
-0.0001661845397669001 2528
-0.00017215696866270245 0461
-0.0001828911416671572 1973
-0.0001828911416671572 4204
-0.00019829387033378315 1141
-0.0002273085534694479 0105 1574
-0.00023286581601274258 0361
-0.00024921971641189125 0725
-0.00024921971641189125 1040
-0.0002646834248126037 0307
-0.0002646834248126037 1858
-0.00028265797217187367 0680
-0.00028845090149824345 0259
-0.00030602986912079734 0512
-0.0003153285365567335 0294 0359
-0.00031549023111681083 1507
-0.0003456576200545964 0129 0282
-0.00036064506142745783 0188 0196
-0.0003622850200457169 3016
-0.0003657822833343144 0203
-0.00040963238446662596 0863
-0.00041692503742232317 0105 0639
-0.00043719436665353096 2737
-0.0004610976240016106 1042
-0.0004619432271645618 0026 1051
-0.00047788870858507835 0467
-0.000484652787229645 0105 0158 0253
-0.000493253233832571 0105 2304
-0.0005041720851263164 1318
-0.0005141599637567779 2393
-0.0005347728267387907 0031 0276
-0.0005611692578671397 0026 0196
-0.0005859477172429773 0105 0129 0196
-0.0005915879926365827 1379
-0.000596284278262026 1645
-0.0006038025004599266 0253 0294
-0.0006101142824148914 0230
-0.0006161133608497542 2189
-0.0006266269864265755 0404
-0.000637498583621378 1616
-0.0006605560048486088 1682
-0.000693187604004557 0714
-0.0007238728615511422 0105 0194 0441
-0.0007623158665932519 0705
-0.0007623158665932519 1929
-0.0007685034237900233 2925
-0.0008347701195717827 0938
-0.0008460224983738275 0728
-0.0008472042080847542 4110
-0.0008593638471130365 0027 0031
-0.0008968091344076433 0854
-0.0008968091344076433 1094
-0.0009174168108874462 0026 0135
-0.0009256584128342252 0234 0934
-0.0009675857434811679 0194 0253
-0.0009907060447293837 0574
-0.0009949137257812778 0065
-0.0010182420827997403 0028 0276
-0.0010507679703124836 0398
-0.0010661385918245673 0166
-0.0011333530476933655 0553
-0.0011385168749216907 0201
-0.0011527551356850325 0504
-0.001206137798989614 0406
-0.0012897545777753431 0815
-0.0012974037489335642 1529
-0.001357851458945515 0944
-0.001372330406179817 0161
-0.0013782974545893105 0188 0253
-0.0013844169970890063 2074
-0.001386375208009114 0357
-0.0014068780286485233 0253 0282
-0.0014188167362338456 0463
-0.0014436062546770618 0200
-0.0014456388227699413 1525
-0.0014634108085884656 0127
-0.0014663959456922226 0105 1525
-0.0014678626521929098 0715
-0.0014972400953308838 2702
-0.0014988501272393342 0849
-0.0015344537220058961 0062
-0.0015370785355983301 0640
-0.0015372585483850291 1565
-0.001542023537481704 0026 0028 0129
-0.001556774280585296 0251
-0.0015614314729678882 0937
-0.001611132712169308 0620
-0.0016206402464208883 2028
-0.0016282608976421582 0155
-0.0016765425674113836 2140
-0.001687610785286081 0879
-0.0017807674250685647 0985
-0.001785395595020472 1992
-0.001818547411470021 0566
-0.0018860744956216587 0186
-0.0019216146132107325 0261
-0.0019401511686147892 0097
-0.0019814120894587673 0431
-0.0020228214851657255 2677
-0.0020622702883178073 1676
-0.0021173741639676606 0459
-0.002165872377111961 0874
-0.002183241943257388 0587
-0.0022046316829221666 0253 0441
-0.0022186806653244533 0934
-0.0022234547619669554 0429
-0.0022675949992976775 0031 0129
-0.0022820933369530907 0280
-0.0023061311763495265 0026 0105 0194
-0.002362802352929818 1835
-0.0024060441974144767 0129 0359
-0.0024271129865107975 0340
-0.002467532233003226 0252
-0.0024873450368527675 0995
-0.002585881828681341 0052
-0.0025948074978671284 0238
-0.0026074512519334812 0532
-0.0026401508246581135 1573
-0.002670373234693291 0903
-0.002692448533785712 0234 0294
-0.0027509573904283494 1160
-0.0027720178850829244 0286
-0.0028243297168513673 0346
-0.0028268040851276133 0457
-0.002878176565735504 0754
-0.0029052938276432124 0123
-0.0029180870029615895 0139
-0.0029556207525276647 0385
-0.0029781130377378438 1076
-0.0029834965671035572 1049
-0.0030311173558728913 0762
-0.003121745064296452 0786
-0.0031561990449829034 0893
-0.003214198882345243 0594
-0.003218495162431569 0028 0105 0129
-0.003219404783062494 0051
-0.003252180647630227 0415
-0.0034144512416405285 0472
-0.00346242829036459 0946
-0.0034695828876429363 0028 0253
-0.003490720824918896 0028 0129
-0.0035216999632806346 0573
-0.003541822766457539 0092
-0.003557527619147128 0444
-0.003559952325470712 0253 0359
-0.003634229098166454 0196 0234
-0.003737271273376588 0108
-0.003783802894324481 0204
-0.0038848987176536387 0509
-0.003995235863322938 0026 0255
-0.004108139978264594 0617
-0.0041363440740141335 0085
-0.004265255434140796 0027
-0.004321173209502816 0565
-0.004468084521451385 0001 0105
-0.004489933826988383 1219
-0.004803683256693218 0195
-0.004931923551003144 0490
-0.005186522044317343 0056
-0.005189252495994785 0424
-0.005217844953903814 0500
-0.005338247700928046 0339
-0.005680422432224155 0258
-0.005706796127780533 0655
-0.005854761075815686 0435
-0.006890023638314415 0011
-0.006959554323031168 0193
-0.008241045111873627 0299
-0.008654885449204034 1044
-0.009295429214680207 0559
-0.00943314782501205 0164
-0.009564703586864056 0083
-0.009619682730333975 0400
-0.010850981559926753 0105 0255
-0.012890747069132687 0442
-0.01677218022429298 0338