0.041073621351732204 0248 1100 9061 9063 9242 12173 12174 12175 12178
0.03606102891015681 0678 0967
0.019542670013443064 0496 1836
0.015723666669346444 0164 0436
0.014293311915973788 0191 0767
0.013068033705863761 0326
0.012204967502097049 0288 0436
0.010220570524387837 0764
0.00930804209371801 0082
0.00897345066545655 0082 0141
0.008972364904623473 0009 1393
0.008867594300407561 0722
0.008801567729975653 0497 0893
0.008672350973431563 0269 0270
0.007992502757604176 0784
0.007321145683539209 0006 0164 0436
0.0067476944470011855 9061 9063
0.005947579683748074 0429 0430
0.005864554458189419 0564 5060
0.005790060970580973 0084 2140
0.005744207565743055 0967
0.0055887109553137086 0006 0967
0.005537002598091452 0370 2666
0.0051331867014439495 0678
0.004991424632083924 0134 0678 0967
0.0048979831901151145 0181 0875
0.004664974754203105 1076
0.004323405808824373 0435 1044
0.003944677468125258 0374 0679 0838
0.0038394457650694886 0374 0543 0838
0.003804535024538706 0387 0496
0.003778776366137005 0488 1183
0.0037720494782706527 0006 0288 0436
0.003583840847240089 0706 1620
0.003498729520849055 0084 0285
0.0034296760421439294 0308
0.003401983526998854 0025 0985
0.0033935246200222746 2848 3647
0.0032220688581280923 0034 0815
0.003088954572661499 0838
0.0030178315001374956 0025 0164 0436
0.0029771240886543185 0946
0.0029744088743511197 0011 0324
0.002935169542618827 0082 2181
0.0029064480457766553 0310
0.0028540343545741787 0006 0326 1316
0.0026864592060944696 0006 0838
0.0026510031572604853 0543 0838
0.0026023520847733993 0701
0.002421378720061489 0011 0286
0.0022546997944647962 0056 0104
0.002223420057004844 0006 0678
0.0021940742902605017 0006 0056 0832
0.0021690663263544403 0374 3429
0.0021122316113609484 0374 1129
0.0021023532136969993 0032 0326
0.002050480508389058 2140
0.0019752455773673883 0025 0678 0967
0.0018837210401555242 0006 1393
0.0018513107171211091 0025 0875
0.0018234810819758303 0006 2749
0.001737217869306054 0188 0387
0.0016502040420774526 0025 0288 0436
0.001642274495049677 0156
0.0016273283943372967 0006 0543 0838
0.0016037790792633288 0832 2478
0.0015437077793503213 0056 0832
0.001540327199500337 0875
0.0015400954838168592 0273
0.0014845529012041702 0034 0104
0.001470035223923704 0610
0.0013335586694121244 0034 0084
0.0013011675450924308 0006 0985
0.0012473431641177152 0006 0374 0679
0.0012194408929814503 0006 0326 0832
0.0012133254726149566 0248 9061
0.0012075172384330844 0204 0678
0.001166788723737836 2885
0.0011351156306204453 0248 2130
0.0011113057402598178 0181 1620
0.001110390552156446 0462 0610
0.0010800563623826044 0141
0.001046629637779751 0025 0728
0.0010445307023404136 0374 0679
0.0010431279628335644 0387 0430
0.001030688153340393 1115
0.0010273399710059594 0181 0967
0.0010037206580339366 0248 3881
0.000983189994377749 0678 1261
0.0009477393185125141 0006 0270
0.0009376916521492732 0248 4464
0.0009117162624810715 0192
0.0008983084518222591 0006 2770
0.0008925181699619258 0967 1261
0.0008518241420538307 0006 1316
0.0008492971625463974 0006 0679
0.0008292489704693031 0006 0374 2394
0.0008167521066164851 0270
0.0008102304648985216 0374 1026
0.0007821515567812628 0006 0269
0.0007584126704295933 0508
0.0007584126704295933 3620
0.0007387486527886593 2931
0.0007148930384951854 0247
0.0007144811898682551 1582
0.0007077488966191186 0387 3620
0.000700073234242703 1473
0.0006840751501070147 0326 0832
0.0006627947928928494 0764 0784
0.0006464080089347145 0084 0893
0.0006417337980558097 1644
0.0005988674782498272 0374 0470
0.0005952653077730842 2817
0.0005525815905888873 0767
0.0005431516177947461 0374 2394
0.000535674453381101 4496
0.0005250549256820272 3785
0.0005250549256820272 4900
0.0005250549256820272 9061
0.0005250549256820272 9063
0.0005250549256820272 9343
0.0005235907591799889 0387 0815
0.0004903121942495325 0025 0893
0.0004667154894951343 2645
0.0004667154894951343 3041
0.0004667154894951343 3741
0.0004667154894951343 4664
0.0004667154894951343 6639
0.0004667154894951343 8454
0.00046493687462748296 1379
0.000446890472102155 1682
0.00043378941719710625 0025 0497
0.00040837605330824254 0274
0.00040837605330824254 2445
0.00040837605330824254 3052
0.00040837605330824254 4062
0.00040837605330824254 4728
0.00040353395794172234 0248 1263
0.00039657449992958825 0181 0678
0.0003902982932597343 0326 0339
0.00036268959264520626 0006 0435
0.00036172421939040754 0387 1983
0.0003556176822712945 0181 0786
0.00035003661712135073 3226
0.00035003661712135073 5319
0.00034297453232780837 0025 0767
0.0003253124167282102 0387 0754
0.00031144611608925886 0134 0326
0.00030589983459880927 0278
0.0002848173757716472 0006 0792
0.00025160358845780336 0003 0164
0.0002439912790973437 0248 0435
0.00024063261589419194 1773
0.00023303419984114932 0084 0754
0.00022841164427960797 0025 2666
0.00022352379463985215 0374 0543
0.00020911322333666435 0003 1136
0.00019742201092100165 0006 1758
0.00019250609271535355 2064
0.00018353990075928558 5538
0.00018181576463880065 0473 0851
0.00015979391789280192 4399
0.00015809656236743199 2042
0.000152754274740365 0034 0181
0.00014954796242269054 2671
0.00013775620283030458 1531
0.00011838036049432013 0387 0767
9.541998883401023e-05 2394
8.116476971909193e-05 1372
6.233585445046927e-05 2112
4.327574843179763e-05 0181 0395
3.384338152965047e-05 0248 1836
2.3196129852560927e-05 0387 0412
6.79800536751871e-08 0387 0462
-1.1238783057990927e-05 2031
-1.3572518161663233e-05 0025 0247
-1.8094236356471785e-05 0006 0258
-1.8875009979747634e-05 2749
-1.8875009979747634e-05 3154
-2.320544281142289e-05 0003 0875
-2.33998601675274e-05 0481 0678
-3.8808868304084645e-05 0003 0436
-4.256745584549229e-05 0006 0009
-4.530002395139432e-05 2218
-5.8591511412268614e-05 1833
-6.543188164826379e-05 0248 0374 0838
-8.468388252671475e-05 1774
-9.275013663541285e-05 1008
-9.275013663541285e-05 2049
-9.690030139874103e-05 0870
-9.690030139874103e-05 1143
-9.690030139874103e-05 2666
-0.0001407813486384548 1204
-0.00015561113165888065 1159
-0.0001896909360501436 0728
-0.00019270118529351283 2528
-0.00022711568670825475 0310 0374
-0.00022895020640503505 0411
-0.0002441747836716181 0194 0387
-0.000244329954224449 1040
-0.00024827631464587025 0248 0496
-0.00024906102191567654 0006 0436
-0.0002543891182278179 2173
-0.00026523385096895305 1526
-0.00026523385096895305 2110
-0.0002678345007535377 1347
-0.0002678345007535377 6141
-0.0002866342158022146 2638
-0.0002886186357586995 1148
-0.0002996961879640444 0084 0764
-0.0003019836967481748 1880
-0.00030526694187338007 1639
-0.00030526694187338007 4125
-0.0003144975509030907 0181 0436
-0.00032102186755762253 0003 0051
-0.0003268066384383625 1824
-0.00033055709903399784 0462
-0.0003494839590257513 2329
-0.0003583233245481597 2117
-0.00036335480168650427 0003 0678
-0.00037420241964292996 0006 0181 0967
-0.0003800825686632911 0181 0195
-0.0003807951922388587 1924
-0.0003813202617177666 0025 0192
-0.0003883271480180328 0006 0286
-0.00038872742383363676 0084 0767
-0.00039577538470107114 0916
-0.00039832942313808935 1094
-0.00041940422319693724 0817
-0.00043265586655274834 2100
-0.00044026837820475794 5859
-0.0004416222471073854 1232
-0.00045079029995731784 0985
-0.0004537711432160894 4931
-0.0004581107396351912 0006 0164
-0.00046710195157281033 3017
-0.0004982671119386887 0006 0473 0838
-0.0005215366947733197 2151
-0.0005258998336846957 0006 0036
-0.0005418364382700779 0717
-0.000561333256329349 1666
-0.000571192788358288 2381
-0.000597687219125706 1146
-0.000602352333701943 1620
-0.0006151306243595428 0473 0488
-0.0006210638141965905 1330
-0.0006231081318197918 2770
-0.0006241109378779116 0084 1076
-0.0006381951175416604 1196
-0.0006456961720773276 0635
-0.0006517347616015621 0496
-0.0006524058190903349 0230
-0.0006524058190903349 1467
-0.0006678789890479865 1072
-0.0006678789890479865 1794
-0.0006678789890479865 4464
-0.0006678973197157649 4136
-0.0006793026921132901 4109
-0.0006838755718417213 0449
-0.0006859077554359972 0025 1836
-0.0007043960119049256 0729
-0.0007119412498016646 0325 0481
-0.0007377284428606686 0541
-0.000750804365318697 0025 0496
-0.0007563367807434114 5060
-0.0007566244144094391 0003 0967
-0.0007817014415171385 0248 0875
-0.0007855997401519746 2234
-0.0007995339277944662 0248 0436
-0.0008122559981731519 0025 0811
-0.0008345002683187976 1754
-0.0008527645248511065 0726
-0.0008658559072760986 2181
-0.0008680098122905631 0248 0767
-0.0008713553760969937 1023
-0.0008713553760969937 2274
-0.0008946773452826887 0542
-0.0009023914139231126 0409
-0.0009082848154104982 0164 0248
-0.0009138879761496321 0851
-0.0009390185685629587 0226
-0.0009497021174908745 0324
-0.000950569501196719 0430
-0.0009541659393569144 0021
-0.0009574171854784064 0039
-0.0009576209338108126 2252
-0.000958140114331492 0502
-0.0009630890257544222 0247 0248
-0.0009715949436291499 1561
-0.0009868860893024645 0367
-0.0010137738163899029 0522
-0.0010256521712534237 0873
-0.0010287401709715529 4358
-0.0010340023512734422 1448
-0.0010382670290088206 0350
-0.0010382670290088206 0860
-0.0010470828624415515 2072
-0.0010493610750208372 0473 0838
-0.0010509581533786208 0919
-0.0010548935050255146 1777
-0.001063914707013372 0161
-0.0010722793971954358 0025 0462
-0.0010779584258760872 0483
-0.0010790604647824636 0025 0436
-0.0010803302184627557 3647
-0.001089018560878846 2659
-0.0011575506071620208 1100
-0.0011606086206992843 0374 0610
-0.0011739467096692064 1908
-0.001175632483505274 2145
-0.0011821041775415219 1314
-0.0011845921586909564 0473 0764
-0.0011917020857648254 0944
-0.001193898353629874 0062
-0.001194595761291612 0374 0832
-0.0011959021481366522 0673
-0.0012019743295277885 0006 0248 0838
-0.0012064312842096701 0887
-0.0012231833104452377 1537
-0.0012274698049733273 1316
-0.001234696640860692 0602
-0.0012552303835065238 1144
-0.0012695984579354713 1216
-0.0012852695230703471 0269
-0.0012894018049623105 2848
-0.0013136725767747817 0342
-0.0013164152271811919 0387 0610
-0.0013217225239284727 0086
-0.0013443269468022792 2834
-0.0013590431274255682 0410
-0.001374571240135147 3168
-0.0013962825581922548 1025
-0.0014099349864983277 1069
-0.001413966558828178 1834
-0.0014233330262636535 0127
-0.0014243131854408653 0087
-0.0014332932981926387 0679
-0.001450545642612302 0006 0025 0967
-0.001459869968968185 0006 0025 0838
-0.0014748002874954075 0025 0308
-0.001488260542917683 0969
-0.0015111073603304424 0051
-0.001525787199489171 1500
-0.0015917747545437881 1836
-0.0015961555798383108 0021 0248
-0.0016165916972410116 0940
-0.0016232699686009983 2130
-0.0016712581593499461 0828
-0.0016759741236370414 2665
-0.0016817915405451505 0248 0967
-0.0016819206885364119 0429
-0.0016865247410298252 0248 0722
-0.0017387038494218567 0995
-0.0017615947167492327 0427
-0.001772709051130869 0335
-0.001901139002393438 1810
-0.0019480202289662806 0042
-0.0019482274241286392 0408
-0.001959554547596719 0025 1076
-0.001968419631589257 2096
-0.0019901002112092977 1175
-0.0020991785770628282 0996
-0.0021257246271273694 0444
-0.002159991022144064 0248 0838
-0.002211308438504427 3339
-0.002245982394916504 0645
-0.0022825765561082655 0025 0967
-0.002288014429692972 0084 0288
-0.002293811699718299 0115
-0.0023122367803823482 0006 0374 0473
-0.0023319887326187765 0761
-0.0023592900772802143 0025 0678
-0.0023657940346964563 0811
-0.002455595799616787 0832
-0.0025160670438413345 0050
-0.002529736894595272 0006 0722
-0.002547820820450159 0893
-0.002576681754229786 0497
-0.0025887139340783874 0034
-0.0026054223003632473 0025 0784
-0.002614066128290977 1393
-0.0026279541998716753 0006 0832
-0.0026359184607877275 0914
-0.0026954363773756783 0500
-0.0026959542612128872 0619
-0.0027164420013076193 0092
-0.0027482128209929584 0136
-0.002866870285908468 1010
-0.002930166125688502 0718
-0.002974339949669283 0661
-0.0030274692057045373 2478
-0.0030625238321089357 0248 0326
-0.0031188106557300753 0099
-0.003186139579245107 0025 0722
-0.003234649109819861 1650
-0.0032352381042134192 0626
-0.0032530054854359217 0642
-0.003332106046479415 1219
-0.003339394945239941 0285
-0.0033722988874714437 0025 0838
-0.00339270457911817 0987
-0.0034318685940563204 0085
-0.003580355804484996 0830
-0.003633600119712268 0025 0764
-0.003676727071837515 0030
-0.00368144157503449 0362
-0.003722405726113703 0007
-0.0037331646539678067 0032
-0.0037693957984209696 0078
-0.003786955783426447 0272
-0.003829839290665206 0294
-0.003910780272139208 0025 0326
-0.003993177981351014 0435
-0.0042085039032971625 0258
-0.004494035461727859 1129
-0.004569399005010276 1183
-0.004610531544412375 0116
-0.0046424799850079005 0416
-0.004663935299632465 0436
-0.005289208625127031 0576
-0.005314124814015459 0973
-0.005486690609106875 0011
-0.0055158902604220275 0276
-0.006266970080771216 0543
-0.006974162378759644 0056
-0.008047111123887783 0164
-0.009502204736216047 0752
-0.010253485109094317 0453
-0.01032358299389229 0036