0.07112707629574107 0225 0407
0.0420716536014841 0407
0.03268065949400997 0284
0.028423408831955033 0422
0.026169570246161244 1832
0.02347958170820487 0422 0423
0.021770769099578723 0463 0474 4179
0.0194287529489808 0463 0610 0846
0.015450192107535335 0382 0407
0.01462179008627825 0422 0723
0.01449004246525007 0161 0620
0.01446562105794448 0099 0723
0.013337366562489295 0435
0.012575326289882222 0161 0524
0.012492288659696852 0436
0.012020472457566886 1113
0.011911475358403865 0298 1832 2092
0.011072887847463802 1650 3554
0.010561931185110887 0397 0457 0571
0.009931476746139655 0457 0571
0.009867975591048834 0422 1320
0.009849308417700677 0422 2302
0.009624576930374365 0610 0846
0.009336846531341269 0474 4179
0.009015354343175172 1320
0.008644159185326045 0509 5601
0.007833938704323293 0850
0.0077804086008972 0098 0187
0.007763221795511947 2896
0.007335989443727046 0543 3647
0.007077492575304792 0543 2848
0.007046813834063732 0340 1093
0.006769123049451241 0118 3554
0.006761515757381379 0423
0.006721572678000972 0478 0718
0.0058052275217047545 0245 0298 2092
0.0057987176624152105 0400 0858
0.00564171376088967 0245 2092
0.005513215798823448 0509 1889
0.005434013510196417 0893
0.005260051009888348 0397 0457
0.005258956700185509 2302
0.005133743445419195 3277
0.005112954776414581 0245 0298 1832
0.005061812550797445 0691
0.0048639061906066774 0382 0423
0.004758103681120229 3554
0.004631541218556882 0828
0.004485580124281003 0118 0187
0.0043824639168212635 4019
0.004330883663835262 0011 0718
0.004257250662054942 2092
0.004225547020603157 0164 0288
0.004208020994350482 0298 2092
0.004134128909478157 0474 0846
0.0040068241525222925 3677
0.003945770484948514 0340 1397
0.0039334398558989484 0422 0523
0.0039005239591523183 0382 2302
0.0038763058959268874 0594
0.003760314757707036 0436 0721
0.003578956839195717 0832 1050
0.003537534455261157 0526 0903
0.003505971133457011 4179
0.0033807578786906895 0751
0.0033807578786906895 8665
0.0033517687546635727 0415 1050
0.0032555446239243627 3103
0.003255045108924528 1836
0.003130331369158046 1938
0.0030503484195473778 0225 0407 0656
0.0030051181143917194 2156
0.0030051181143917194 2894
0.002983730432488119 0723 1320
0.0028281873164229167 0099 0382
0.002785497623505828 3647
0.002679748771487921 0791
0.0026294783500927545 1267
0.0026294783500927545 9034
0.0025200363210706707 0463
0.0024214392989655945 4114
0.0024140979403717176 1225
0.002379051840560111 1881
0.002355633160773229 2848
0.0023447884610035396 0190 0397 0571
0.002322944356175948 0908
0.0022740487777212787 0934
0.0022538385857937895 1098
0.0022538385857937895 3798
0.0022405170433787533 0118 0147
0.0022351089427730406 0284 0987
0.0021857324017741228 0458 3277
0.002128625331027471 1344
0.0020034120762611463 1523
0.0020034120762611463 1575
0.001973455178696164 4242
0.0019159191226313032 0161
0.0018781988214948248 0095
0.0018781988214948248 3624
0.0018781988214948248 5417
0.0018676465200969758 0190 0457
0.001857580879778184 0382 0407 0656
0.001851228575621066 0397 0590
0.0018367052401051503 3606
0.001797543734393595 0650
0.0017613084661742124 2105
0.0017529855667285056 1112
0.0017527214146147228 2073
0.0017439902148006338 0397 0591
0.001603203651586319 2374
0.0015954660642935584 0394 0447
0.0015025590571958597 11807
0.0015025590571958597 5142
0.0014724420595690912 0837
0.0014511623945623827 1525
0.0013134449848927674 0066 0858
0.0012865662694570075 0407 1259
0.0012658956089190141 2106
0.0012521325476632181 1172
0.0011797656876754688 0043 0152
0.0011476805788524385 0526 2478
0.0011436591660523685 0166
0.0011381820561241608 2433
0.0011353094863159581 0397 0571
0.001126722361491946 5585
0.0011201844935546132 0284 0500
0.0011174512402125497 0496
0.0010807115310886666 5060
0.0009630643113812265 4110
0.0009615873430959363 0564
0.0009508746405698229 0377
0.0009284528086505791 1821
0.0009092381756336486 0407 0656
0.0008884233354368118 0430
0.0008613465563501889 0397 0621
0.0007461242275008602 0225 0691
0.0007080099303049316 0118 1650
0.0006293818113642186 2041
0.0005404564900169727 0190 0571
0.0003822647072857834 0382 0523
0.0003110106215978432 1808
0.0003108317539987888 0728
0.00020601586359408205 5601
0.00018668919901752674 1201 1832
0.00018157163394571675 0842
0.00017591120719613772 0446
0.00013430529696255249 0354
2.0564427439587677e-05 1093
2.807473717212598e-07 0544
-0.00016499693921381408 0225 1259
-0.00018010366593950437 0083 0422
-0.00020851314215067086 0118 0293
-0.00029198660314692807 0717
-0.00029198660314692807 1574
-0.0004466433122683333 0382 0691
-0.0005022663543965389 0397 0893
-0.0005089117191414671 0098 0543
-0.0005191144675479663 1617
-0.0006062645792261654 0225 0656
-0.0006497211032608374 0298 0488
-0.0006575070785880305 0405
-0.0007337613052137092 0376 0479
-0.0007379272665024713 2260
-0.0008507774895337334 0397 0524
-0.001128927184880687 0083 0407
-0.0011696010904801168 0512
-0.0012646134452238232 0118 0492
-0.0013439382515825055 0298 0415
-0.0014119071389244152 0298 0987
-0.0014271762562307346 0190 0524
-0.0014566129849681016 0407 0442
-0.001544752894787304 0250 0397
-0.0016316623323682216 0177 0284
-0.0016368898763771001 1153
-0.0016475411427170788 0190 0621
-0.0016825748236589822 0298 0832
-0.001789483029104478 0118 0435
-0.001891317606694363 0382 0656
-0.0019415856101974243 0235
-0.002089724499015507 0152 0422
-0.002299998067235958 0118 0543
-0.0023084188023954635 0497
-0.002394458768067659 0382 1259
-0.0024135814619494125 0723 0797
-0.0024261397054156967 0407 0526
-0.002585232732319968 0093 0284
-0.002711786792458026 0118 1044
-0.002866660876713261 0193 0397
-0.0031776659948836105 0397 1044
-0.0031868716475294792 0118 0422
-0.003395685722702311 0225 0442
-0.0034622359837046084 0190 0193
-0.003711717523104788 0298 1201
-0.0039277790383661785 0190 0416
-0.004012313895077765 0190 1044
-0.004232727033624488 0397 0442
-0.00427053396528338 0190 0442
-0.004305073552397336 0245 0298
-0.004364019942124055 0083 0298
-0.005421953326137229 0190 0745
-0.005749654155055612 0152 0723
-0.006624584013117006 0118 0225
-0.007052958248112977 0096 0190
-0.008467784133638152 0298 0723
-0.010027569386101358 0122 0397
-0.010124713358325075 0225 0382
-0.016407304396232145 0298 0382