0.02162586085637012 0470 1129
0.012983268455773996 0944 3644
0.010807393531828472 0327 0328
0.010567848613968513 0060 0327 0328 0756 1129
0.010029581822191831 0164 0436
0.009169090777789948 0327 0328 1129
0.007602226236566846 0377 0378
0.006966891645757176 0117 1151 1975
0.006920797202195738 2160
0.006729475537961832 0018 0164 0436
0.0064161505354738205 0323 0479 0544
0.006407156863625877 0088 0944
0.006282757868993081 0060 0327 0328
0.0061532072842099385 0067 0470
0.0060556975519212705 0628
0.006052075515191346 2099 3877
0.005817728900256098 0590 0591
0.005483138136451404 0011 0286
0.00546784988612712 0327 0328 0838
0.005368499475323153 0628 1026
0.005361373661676585 0706 1620
0.0048586244563842305 0496 1836
0.004587275027925894 0060 0340 1093
0.004479275375461848 0060 0117 1975
0.004453333006195179 0088 3644
0.004421039931774997 0117 1975
0.004418059162419796 0045 0436
0.004198599269135748 1151 1975
0.004171346591361104 4972 4973
0.004118407867508574 0479 2848 3647
0.003968736498335296 0067 1129
0.003928039960478111 0439 0479 0544
0.0039011266899298784 0060 1151 1975
0.003875019384770071 0117 1129 1975
0.0036909177197505007 0323 1110
0.0035570151968616058 0161 0937
0.0035324902386207474 2099
0.0035197766239566737 0323 0439 0544
0.003460398601097869 3598
0.0034445967212357004 0479 0524
0.0034254473947542864 0439 1110
0.0034230696944154686 0591 2928
0.0034070662539732372 1673 1674
0.0034001390049504887 0018 0479 0573
0.003380860548387689 0018 0479 4126
0.003315090908014253 0580 2026
0.003214555925078494 0470
0.00318102205640357 0177 1225
0.003171332274857132 2160 3598
0.0031572511451512476 0036 0627 0628
0.0030099845757306184 0164 0436 0479
0.0029934939505365157 4125 4126
0.002980943674453207 0036 0416
0.0029082324799523033 0594 1525
0.002821845935947148 1343 5408
0.00281466463575476 0115 1151
0.0028034857577450274 0987 3232
0.0027627219762306004 0060 0756 1129
0.002730819060613669 0018 4126
0.002704403918645859 0791 0792
0.0026453759069202023 0378 0587
0.00264094721340076 0116 0875
0.0025427175741747064 1261 2099
0.002526741737297822 0258 0621
0.002521183363032117 0177 2218
0.002517970329861151 0067 0258 0718
0.0024183909402826506 0056 0832
0.0024159625849089236 0177 0813
0.002389913454308306 0488 3181
0.0023850965227349575 0362 3051
0.002352972950760032 0479 4126
0.00233391732143582 0067 0117 1975
0.0022805391233609077 0060 0479 0573
0.0022592376418689906 0067 0258 0621
0.002229674175665703 0903 0944
0.0022206248094303774 0625 0628
0.0022191922696917377 0362 2331
0.0021982578393609556 0967 2042
0.0021782861654596674 0418 1808
0.0021404130941745933 0543 1585
0.002138435330571571 0323 0544
0.0021325321520346604 0479 0573
0.002026615818901262 0755 2659
0.0020104452164085465 1261 3877
0.0020001891541152053 0018 0164
0.0019952938953996667 0000 0726
0.0019418111697092311 0018 0436
0.001907641195381703 0134 0323 0439
0.0019069138690924368 0060 0436
0.0018867880518764345 0067 0628 3598
0.0018762158227892613 0060 0164
0.0018708440862459672 0628 3598
0.0018404316006664888 2160 5408
0.0018340793683504662 0000 0067 0726
0.0018324497088567345 0064 0755
0.001828668749225103 0418 1402
0.0018023388899582869 0418 0626
0.00179643600216134 0418 0726
0.0017785073536301082 0018 0479 1261
0.0017581883114594723 0060 0479 4126
0.0017213120269338924 0838 1022
0.001684664423726441 0018 0060 4126
0.0016749930537598048 0067 0418 0726
0.0016711627162686936 0748 2099
0.001658107663026065 2396
0.001639864152613864 0272 0393
0.0016373933662531019 0018 0573
0.0016171411450172902 0018 0524
0.0016133720643619152 0325 2160
0.0016073338191541881 0829 2099
0.0015917057590174174 0272 0543
0.0015451820356945296 0036 3182
0.0015358019629664822 0627 2396
0.0015139243879803176 3644
0.0015080968170971991 0656 0755
0.001507066614749951 0436 0590
0.0015004939800276468 0000 0067 0418
0.0014940659530163693 0325 0479
0.0014928109787060182 1129 1975
0.0014799869994808104 0116 2160
0.0014723761829213268 0464 0479
0.0014693731385686858 0439 0544
0.0014615329834879085 0018 1908
0.00144664088691571 0159 0362
0.0014381261298938922 0299 1343
0.0014320930349955474 0067 1129 1975
0.0014025295687922598 0325 0339
0.0013562222132670935 0018 0337
0.0013182288398606284 0060 0838 1129
0.0013158910473488978 0362 0639
0.0013073348550605422 0018 0036 1261
0.00129364200167214 0193 0439
0.0012789977287223713 0627 0628
0.0012703426895939156 0018 0967
0.0012400745537510202 0036 0479 0628
0.0012089979384057405 0088 0627 0628
0.0011978654991562638 0323 0439 0967
0.0011823043516459054 0362 0378
0.0011246725795872675 0330 0718
0.0011137776991535782 0134 0439
0.001108595601758929 0088 0755
0.0010922526889939835 0418 3530
0.0010306986666723105 0628 0967
0.0010297434192429928 0134 0323
0.0010198830118147621 0436 0479
0.0010141868633655989 0439 1512
0.0010053051019832916 0000 0544
0.0009864459863808757 0060 0286
0.0009825864458237999 0244 0479
0.0009706238998322945 0060 2218
0.000955410803625425 0362 1261
0.0009504857909328503 0116 1261
0.0009361733994552163 0067 1026
0.0009235642901688469 0678 1129
0.0008943577805441633 0018 0244
0.0008553561590949227 0625 2160
0.0008396806140438941 0088 2773
0.0008350407493181573 0088 0881
0.00083332422339019 0036 0760
0.0008250333872000228 0060 1349
0.0008250333872000228 0060 4242
0.000801305997504957 0060 2331
0.0007930080127515963 3877
0.0007930080127515963 4393
0.0007815558655622152 0323 0755
0.0007463567814002396 0060 1225
0.0007299626593287858 0479 0967
0.0007255272955869265 0479 0543
0.0007222242513349592 0060 1836
0.0007209163752287239 2369
0.0007209163752287239 2712
0.0007139228284658954 0362 0418
0.0007123532633518315 0299 1026
0.000711781502306407 0089 0439
0.000711100276150546 0116 0330
0.0007007514873966327 0060 0436 0479
0.0006935304011382561 0439 0479
0.0006886186242851583 0439 0755
0.0006882095009524906 0067 0068
0.0006488247377058503 0434
0.0006488247377058503 1486
0.0006488247377058503 1546
0.0006488247377058503 1865
0.0006296278799302027 0036 0524
0.0006277472223958217 0089 0323
0.000621765734000258 0699
0.000621765734000258 2868
0.000618392059223229 0060 0496
0.0006103753606450302 0479 0621
0.0005977563251965407 0088 2229
0.000595432447902439 0000 0439
0.0005862908751119628 0060 0756
0.000584091885489687 0088 0903
0.0005767331001829792 1413
0.0005748093142994258 0299 0678
0.0005735879040239337 0036 2403
0.0005529207166939706 0060 1758
0.000551120318458968 0060 3653
0.000551120318458968 0060 2359
0.000551120318458968 0060 0650
0.000551120318458968 0060 3505
0.000551120318458968 0060 0837
0.0005508617279055292 0323 0946
0.0005448660616823939 0021 0088
0.0005209004058436978 0439 2042
0.0005046414626601067 0835
0.0005046414626601067 0971
0.0005046414626601067 2747
0.0005046414626601067 3145
0.0005046414626601067 3182
0.0005046414626601067 3791
0.0005046414626601067 4036
0.0005046414626601067 5917
0.000504459719498078 1662
0.0004939511235600053 0032 0627
0.0004579077994485266 3523
0.0004427457844122866 0481 0488
0.00043844542432952294 0479 1261
0.0004379515342452396 0060 3182
0.00043504531230182205 0439 0946
0.0004346507646980648 0323 0418
0.0004325498251372344 0931
0.0004325498251372344 1187
0.0004325498251372344 1212
0.0004325498251372344 3502
0.0004325498251372344 4432
0.0004325498251372344 6031
0.00041797977471540605 0060 4496
0.0004174270570184306 0067 2665
0.0004157975152663536 0436 0439
0.00039445079886211455 0323 1120
0.00039445079886211455 0323 0499
0.00037597097408540993 0018 0543
0.0003688347032033373 0088 0628
0.0003661815670087894 0481 0967
0.00036360873899825296 0362 0718
0.00036045818761436195 0898
0.00036045818761436195 1969
0.00036045818761436195 2324
0.00036045818761436195 2507
0.00036045818761436195 2599
0.00036045818761436195 3129
0.00036045818761436195 4112
0.00036045818761436195 4261
0.00036045818761436195 4312
0.00036045818761436195 4362
0.00036045818761436195 4452
0.00036045818761436195 4481
0.00036045818761436195 4973
0.00036045818761436195 6015
0.00036045818761436195 8071
0.00033836069845726035 0060 0273
0.00033836069845726035 0060 4125
0.0003339218884465723 0104 0481
0.00032545171105944595 0067 0937
0.0003180890688122088 0060 0828
0.0003180890688122088 0060 1808
0.00029440695879848433 0439 0721
0.0002883665500914896 1194
0.0002883665500914896 1241
0.0002883665500914896 1658
0.0002883665500914896 2502
0.0002883665500914896 3056
0.0002883665500914896 3557
0.0002883665500914896 3848
0.0002883665500914896 4325
0.0002883665500914896 4326
0.0002883665500914896 4402
0.0002883665500914896 4421
0.0002883665500914896 4571
0.0002883665500914896 4953
0.0002883665500914896 5816
0.0002883665500914896 9035
0.00028084615995958937 0479 0628
0.00026288148189372443 0325 0481
0.00025051535563477877 0060 0908
0.00025051535563477877 0060 1673
0.0002457790424290625 0067 1343
0.00023613924172641992 0067 0193
0.00021722068365262985 0060 0620
0.00021722068365262985 0060 1402
0.0002163523570029282 0323 2042
0.0002073222722265587 0018 0628
0.00020275161260244646 0060 1620
0.00019481612301050507 0272 0439
0.00018197962841136372 0088 0829
0.00017929724613268837 1185
0.00017550276817107722 0067 0908
0.00017124412165658864 0067 0497
0.0001701145897866122 0067 3598
0.00016895774802825093 0067 3647
0.00016866993016592107 0060 0813
0.00016770267419621417 0067 0893
0.0001516496903428031 0088 0376
0.0001507798095282821 0481 0625
0.0001425237989611935 0323 0967
0.00013754801502224642 0060 1674
0.00013200680071488786 0068
0.00013111046547388343 1824
0.0001276610660324339 2403
0.0001264839680983031 0323 0436
0.0001163126374771411 3232
0.0001119920156998278 0067 0191
0.00011154639815305621 0067 2659
0.00011154169927514827 0067 2848
0.00011078184309991976 0272 0323
0.00010473561876305402 0627 3598
9.303349171575176e-05 4126
5.7690202596454944e-05 0067 0539
3.952785337484833e-05 0077
3.952785337484833e-05 2938
3.445934450506861e-05 0625 0627
3.269995517183105e-05 2332
7.558465674927475e-06 0944
4.818441977136208e-06 0067 0545
4.5867052912512896e-06 0218
4.407471278684462e-06 0060 0881
-2.0552923558985838e-07 0544
-6.007598417819902e-06 0164 0323
-1.7448621003233946e-05 0036 1261
-1.7504611573148986e-05 2773
-2.597401411733307e-05 0685
-3.418783650392556e-05 2044
-3.418783650392556e-05 4259
-4.0149715768404316e-05 0067 0083
-4.390342522111687e-05 0067 0286
-4.4515069263626074e-05 0299 2160
-4.729102455201988e-05 0503
-6.365951249772702e-05 3082
-7.792685482456962e-05 0662
-7.943933878853372e-05 0088 1824
-7.958315863711287e-05 1067
-8.824261312939688e-05 0067 1120
-9.59258395388159e-05 0018 0439
-9.705210598950188e-05 2799
-0.00010378001084882626 0060 0378
-0.00010389605646933229 2394
-0.00010993448593405017 2655
-0.0001236586021404389 0842
-0.000125205753345232 1426
-0.0001292857901618529 0067 1191
-0.00013800597134515697 1068
-0.00014173002583087863 2246
-0.00015056685769069712 4399
-0.00019162351795927197 0000 0323
-0.0001930657037882008 3937
-0.0001954820276032176 4987
-0.00019637584068753834 0481 0627
-0.00020281819771969197 1808
-0.00020495392858098596 0060 0805
-0.00021451744865355515 3051
-0.0002162715191175141 0177 0418
-0.000221250179577186 5555
-0.0002275917529914481 0160
-0.0002352788548654067 0088 0721
-0.00024395837636489017 3867
-0.00024592246248880434 1191
-0.00025729481386661693 0278
-0.00029248687306127963 0264
-0.00031216650743881526 0482
-0.0003284212848074759 0622
-0.0003284212848074759 3269
-0.0003284212848074759 3587
-0.0003284212848074759 4341
-0.0003389763948368555 0743
-0.00035289074942245 0836
-0.00035820758815524785 0682
-0.00035820758815524785 1103
-0.00035820758815524785 1770
-0.000358593315144133 1429
-0.0003646796627110438 0756
-0.00037353856441349654 2329
-0.00037829824877317264 0418 0439
-0.0003932744952463566 4496
-0.0004075831524417573 1950
-0.0004096640853859696 1553
-0.0004197066142677602 1637
-0.0004197066142677602 3531
-0.00043789504640996793 1349
-0.00043789504640996793 4125
-0.0004477601399406472 1582
-0.0004554834123308692 1822
-0.00045779842394322724 2344
-0.00046087181205233755 2528
-0.00046087181205233755 3559
-0.00046617918865210777 0257
-0.0004690273015960143 2984
-0.0004812010285846499 0805
-0.00048581831275089355 1764
-0.0004870850858530174 1381
-0.0004887602283904299 0088 0470
-0.0004915969024631635 5242
-0.0004993792828981437 1457
-0.0005016928958139972 0067 0745
-0.0005030136848445059 2057
-0.0005030136848445059 2631
-0.0005177621241238249 0817
-0.0005355514916191667 2158
-0.0005379751558926817 1135
-0.0005387780567819537 4742
-0.000539986420306489 1670
-0.000539986420306489 2545
-0.0005511097617271545 0380
-0.0005696555571561293 1088
-0.0005745902796741514 0539
-0.0005791002469110848 0348
-0.000585893306691528 2312
-0.000585893306691528 5279
-0.0005915331900085604 1095
-0.0006242241036226796 2073
-0.0006325198266417056 0599
-0.000646725575132557 1940
-0.0006606129492144398 1602
-0.0006616309031151138 2913
-0.000662167497057997 4297
-0.0006716402099109708 2194
-0.0006719186005255155 0304
-0.0006733835652623153 0000 0018
-0.0006893874756896321 1098
-0.0006919975441577636 0259
-0.0006953086649325877 0981
-0.0007129568896435285 1794
-0.0007159100070564784 1927
-0.0007256658453463455 2101
-0.0007284618291411456 2743
-0.0007344967578725988 0736
-0.000741185228712776 0926
-0.0007490689243472155 0580
-0.0007602037850024192 1094
-0.0007602037850024192 1232
-0.0007856041223068708 1166
-0.0007862182650219939 0824
-0.0007890617505483233 0468
-0.0007960150851335214 4242
-0.000800020464391832 1638
-0.0008038501987417166 0060 0944
-0.0008199015085059517 0839
-0.0008207061925514545 0465
-0.0008207061925514545 2928
-0.0008359403695950024 2296
-0.0008394132285355204 1342
-0.0008506632152231615 0479 0627
-0.0008544833357341931 1758
-0.0008571329333118987 0067 0544
-0.0008633253003096201 1682
-0.0008744441154890591 0406
-0.000878839960037293 1673
-0.0008870319432856923 0872
-0.0008940084489156644 0649
-0.000909912540894338 0515
-0.0009105544429653809 2843
-0.0009184382557659462 2807
-0.0009217436241046751 1594
-0.0009228597102471548 0908
-0.0009266294646818715 0777
-0.0009266294646818715 1561
-0.0009295077851471241 0938
-0.0009654817694403568 0921
-0.000966085009450663 0060 0544
-0.0009673474655954189 2074
-0.0009747638032391292 1047
-0.0009747638032391292 2785
-0.0009801904246913209 1765
-0.0009831938049263285 0502
-0.0009832278605928508 1565
-0.0010154875391550678 2145
-0.0010184825950105216 1110
-0.001019979064140408 1396
-0.0010415986471306023 0673
-0.0010415986471306023 2594
-0.001045170671423786 2026
-0.0010460921300784272 3501
-0.0010651266220035225 1225
-0.0010692275314951704 1195
-0.0010694443720424473 0666
-0.0010711029832383334 2624
-0.0010752032065518354 0638
-0.0010752032065518354 1901
-0.0010830439418463025 2866
-0.0010830439418463025 3078
-0.0011029337442643825 1144
-0.0011069096966229847 3263
-0.0011110175918861468 1101
-0.001114276469968148 0409
-0.0011163684043364128 0097
-0.0011236033865208244 1389
-0.0011463052197845055 2218
-0.0011470594390807147 0747
-0.0011621038695379185 0693
-0.001164933109224965 1495
-0.001175365243710534 0959
-0.001178709911620189 0450
-0.001178709911620189 1100
-0.0012038304714366926 4109
-0.0012088324152610378 0541
-0.0012117567633617332 0439 0627
-0.0012122740442284895 1500
-0.0012159858005973258 0766
-0.0012289922561579108 3647
-0.0012463368667261557 3584
-0.001253516457906345 1151
-0.0012574229147011766 0760
-0.0012650396532834112 1440
-0.001265047992863371 0062
-0.001272119725934479 0620
-0.0012842656496853274 0060 0470
-0.0012925475109590724 0940
-0.0012945057780929235 1518
-0.0012972812505546202 0937
-0.0013109250732351026 1350
-0.0013116661732335887 1997
-0.001317127495399189 1976
-0.0013223844251996 0459
-0.0013357745977286067 0123
-0.001342389560526837 1211
-0.0013426193080609142 2544
-0.001342642397466972 2331
-0.001350584829504238 0791
-0.0013621371865114372 0269
-0.0013693203466776307 1532
-0.001369427379502298 2665
-0.0013787749513792641 1004
-0.0013793688575760004 0273
-0.0013906173298651753 1316
-0.0013930002032212056 2037
-0.0014101667472975576 0357
-0.0014147254456600548 0087
-0.0014195303118119376 0600
-0.001425913779287057 0086
-0.0014269430633139875 0514
-0.0014328303526209914 0518
-0.0014350863266366506 1815
-0.001441064647706537 1834
-0.0014642031634267475 0851
-0.001482370457425552 1908
-0.0014897956332817423 1025
-0.0014981378486944327 2303
-0.0015032925674813061 0139
-0.0015076187674683396 0378
-0.00150904105453352 0469
-0.0015140297066555159 0603
-0.0015177308780847465 0639
-0.0015202852335627368 1402
-0.001536712616469294 0060 0067 1129
-0.0015614423468917568 0280
-0.0015646142162863853 0491
-0.0015723499451126164 1120
-0.0015724365300439878 0566
-0.0015812995666042637 0431
-0.001593067405096948 1496
-0.0015976652760860141 0648
-0.001610838091807396 1057
-0.0016171000771479961 0587
-0.0016192064576988968 0985
-0.0016343059739796436 1525
-0.0016487733122392003 0846
-0.0016498608265384156 0159
-0.0016786517803524235 0334
-0.0016879681015415215 2677
-0.0016942234657397993 0090
-0.0016945437078062437 0619
-0.0017020953313526433 0596
-0.0017163217847672586 0195
-0.0017183028191758757 0467
-0.0017266506006192383 1136
-0.001731748043294798 0691
-0.001731748043294798 0828
-0.001740517313192357 1810
-0.0017418111917575226 0496
-0.0018145586196073712 0167
-0.001826572733057864 0227
-0.001843934103484906 0039
-0.0018444045885837703 1573
-0.0018524606572836015 0310
-0.0018533973929797784 0913
-0.0018607190286780804 0036 0627
-0.0018732367369518703 0731
-0.0019004753554763601 1041
-0.0019107449216045171 0082
-0.0019220246576862918 0642
-0.0019516954876238513 0914
-0.001962254247720192 1836
-0.001969113145711168 0005
-0.0019741180463917723 0880
-0.002032974710780349 0767
-0.0020345199634206543 0889
-0.002035364789752752 0974
-0.0020475495662984227 0060 2160
-0.0020930718776918933 1650
-0.0021031423085646297 0001
-0.0021115217835589433 0804
-0.002126725346018435 0762
-0.0021457930566404293 0881
-0.002165089154576873 0042
-0.002182077674416723 0037
-0.002184207816463582 1076
-0.0021925902635257645 0046
-0.002196966427081605 0545
-0.0022115962438798574 0204
-0.0022667438617893815 0369
-0.0022807697209360524 0995
-0.002336627230041193 0677
-0.002337292410232623 0594
-0.0023542308275390817 1049
-0.0023667967543085718 0996
-0.0024194114928098283 0497
-0.002458331402891806 0286
-0.0024745800124244426 0929
-0.0025182382613889425 0499
-0.0025182396856065644 0532
-0.0025556634570592903 0136
-0.0025559766107437075 1789
-0.002570561726514499 0706
-0.0025915200119511718 1975
-0.0025963947665481445 0337
-0.0025963947665481445 0893
-0.0025965959786192036 0547
-0.0025970928913831145 1160
-0.002643688379231687 0492
-0.0026525777936690677 1419
-0.0026581994511748856 3530
-0.0027860004064424113 0340
-0.002793163397338719 0829
-0.002826296001314651 0495
-0.002851235703377573 0335
-0.002991945309596005 0043
-0.0030155045792554748 1029
-0.0030203934455317496 0395
-0.0030400799580666076 0524
-0.003102243640603346 1010
-0.00311286238637472 1043
-0.0031406077171879762 1026
-0.0031678959383835636 0293
-0.0031878274381848338 1125
-0.0032305263802426564 0393
-0.003268316174240479 0057
-0.0033567391798902634 0490
-0.0033591415670135376 0591
-0.003383002567994303 0104
-0.0034235684487557458 0240
-0.0034576640077405288 1219
-0.003515532511219184 0332
-0.0035290084018926157 0180
-0.0035760337956626575 1259
-0.0035781509981754997 0021
-0.0035936372007530186 0661
-0.0036369890031898084 0792
-0.0036901768127715127 0655
-0.0037055302038048517 0678
-0.003752436714750628 0085
-0.0037773692804784556 0832
-0.0037850593727266823 0258
-0.00386132976936059 1183
-0.003873875814513634 0537
-0.0038828802126688435 0272
-0.004101778554779361 0718
-0.004145352142928671 1083
-0.004221881166463139 0250
-0.004235728091714028 0162
-0.004312405420019427 0716
-0.004356477580604767 0447
-0.004429580143410501 0590
-0.004480917331910792 0032
-0.0045818406432906736 0339
-0.004595691533571146 0205
-0.0046253781563230355 0435
-0.004698352428716513 0011
-0.0047781923554103675 0134
-0.004910793900891382 0573
-0.004952101172795771 0626
-0.0049528296379433585 0436
-0.005048837971472025 0827
-0.0050880672809055115 0196
-0.005146551375230496 0797
-0.005399755774388859 0488
-0.005410062786087554 0909
-0.0058606489717435315 0987
-0.005955961744983479 0027
-0.005971513236078694 0056
-0.00599294413720675 0376
-0.006052690265109521 0525
-0.006292135511099063 1022
-0.006749153920184737 0543
-0.00738037911709515 0211
-0.0076661214544981576 0745
-0.007811897934241795 0116
-0.007849867166922557 0164
-0.008034736204787 0416
-0.00820662116545312 0083
-0.009970047243534178 0453
-0.010228986540389087 0174
-0.010659053975360057 0362
-0.01413131615942625 0177
-0.017885206709904736 0418