0.05708367550075753 0066 0400
0.036954669094174754 0425
0.020447337189612023 0880 0881
0.020437861593027816 0496 1836
0.017550524854840363 0873 0874
0.012507542404062587 0038 0400
0.01224851099067513 0512 1840
0.012001153478597119 0425 0512 1840
0.010866057033315583 0038 0066
0.010686802308264715 0509 1889 5601
0.00905275208568271 0425 0770 2041
0.00884088570329436 0258 0403
0.008146727932036602 0770 2041
0.007687968984130914 2050
0.007469170941614715 0390 0880 4070 8067
0.0073504605225724285 0390 0512 1840
0.006836032422288421 0354 2570
0.0064815027974162815 0509 0878
0.00614863307094347 0066 0317 0400
0.006098593361098502 0359 0604
0.005644233585023169 0390 0880 0881 4070
0.005620411080589119 0807 1959
0.00557968152108968 0400
0.005576773958644515 0600 0601
0.005518413663195543 0425 0770
0.005475287114192934 0472
0.005461295947408952 0796 0797
0.005329160318545297 0545
0.005246334441619503 0280 0690
0.005193556373894185 0317 0796 0797
0.004968015493403442 0317 0770 2041
0.004886972274858022 0038 0206 1744
0.004508824013185402 1263 2195
0.004462023878837502 0390 0770 2041
0.0043865144359864685 0425 1840
0.004379191143994068 0167 1044
0.004362805049103442 0096 0473
0.004314331671430151 0390 0880 5679
0.004305392811368355 0442 0938
0.0042019080962890165 0206 0207
0.0038359053000790594 0038 0257 1821
0.0037584995867083206 0509 1889
0.003669257924244303 0475
0.003655719572009702 0425 0512
0.0034930337646027214 0359 2274
0.0034635939140140667 0676 1451
0.00339670394017172 0038 0796 0797
0.003310692139897207 0204 0520
0.003244797021826576 0415 2309
0.0032431764070996144 0815 0846
0.003200319918956007 0120 0121
0.003103492680043994 0359 0603
0.003094135666088794 0425 1102
0.0030912070396886923 0489 0490
0.0030480783935671546 0807 1073
0.003045307804908751 0408 0745
0.003033810844041789 0206 1044
0.0029474426730729582 0390 0880 4070
0.0029192511493037585 0448 0473
0.0028829883690490907 2242
0.00282769176055854 0204 1996
0.002626990092795034 0389 1263
0.002605537867600344 0441 0448
0.002595432673788485 0140 0425
0.0025335352334067765 5679
0.0024768468607926646 0288 0338
0.002446171949496198 0440
0.002426503448623873 0195 0441 0448
0.002408466958532404 0497
0.0024016273642734386 0807
0.002354084752665106 0253 0687
0.002342167002835485 0318
0.0023213087044780824 0554 0571
0.0023202811534100286 0038 0509 1889
0.0023123536649593875 0549
0.0022934895013300466 0448 0576
0.0022819756676035322 0554 0566
0.0022583563719564504 0276 0280
0.0022327204927002926 0066 0400 0548
0.002208392409772344 0066 1260
0.0021847995566619963 0880
0.002184082097764466 0853
0.0021573320040692537 0487 1263
0.0021529885900417813 0276 0286
0.0021378079298069153 5085
0.0021281999999117535 0096 0389 0473
0.0020324439107533452 0390 0873
0.0020278813179350464 0253 0258
0.0020134177636062516 0549 0892
0.002007676942661696 0280
0.001982239597009395 0253 1506
0.0019722697382656756 0415 0416
0.001969090674464673 0195 0448
0.0019219922460327302 3575
0.0018755788955359231 0394 0565
0.001872286998958386 2068
0.0018656141839209985 0416 0473
0.0018328815966197735 0390 0425 1840
0.0018288932907315385 1959 2050
0.0018070618748358468 0282 0509
0.0018011881605253537 0447 0565
0.0017850670346490703 0559 0797
0.0017627862716838067 0317 0425 1102
0.0017544729368521588 0814
0.001747265678211573 0551
0.001734807930439294 0066 0400 0448
0.001727708277409217 0353 0359
0.0017237413317494831 0390 0881
0.0017114016546402112 0389 0551
0.0016449750586143381 0473 1818
0.0016308509759734773 0473 0830
0.001623741055904763 0390 0425 1102
0.0015943386084836854 0317 0473 0892
0.001588472369486468 2422
0.0015826004470239484 0504 0548
0.0015617981174748847 0425 2068
0.0015482141540308994 0066 0317 0400 0448
0.0014868323353803992 0317 1836
0.0014841826219768655 0425 0448 1102
0.0014680148517588198 1815
0.001449376630919893 0425 0559
0.0014395577770434339 1815 1889
0.0014330840414509358 0441 1102
0.0014166091563284462 0339 0425
0.0014039708914382976 0339 1102
0.0013978125425692584 1840
0.0013627254678621867 0038 0403
0.001349263428924245 0442 0563
0.0013491985958765155 0448 1102
0.0013309948981363223 0687
0.0013306630951497136 0317 0425 0770
0.00132363189638292 0425 1219
0.0013206828135686787 0167
0.0013114955911175037 2583
0.0013104492586586774 0399
0.0013104492586586774 2490
0.0013057050595638023 0038 0400 0472
0.001301187628141792 0038 0066 0400 0448
0.0012911041614498894 0441 0576
0.001256190513024784 0448 4136
0.0012291803771690179 0195 0317
0.0012285006020959876 0448 2068
0.001223085974748101 1818
0.001223085974748101 4151
0.001223085974748101 4193
0.00121401922253487 0404 0473
0.0012127474880418963 0066 0537
0.0011976416328510749 0066 0797
0.001193381072078792 0038 0066 0472
0.001184962092783157 0865
0.0011540166963356125 0092 0554
0.0011407130243892669 0172 0425
0.0011357226908375205 5380
0.0011333307690034372 0353 0359 0390
0.001092044504583086 0066 0547
0.0010492698237206293 0129 0353 0390
0.0010463661433582937 0206 0253
0.0010366249664455294 0195 0441
0.001031123701383451 0251
0.0010145472915520331 0390 0425 0448 1102
0.0010086659220474475 0441 0786
0.0009937494219756854 0038 0066 0554
0.000952902381484633 0253 0509
0.0009361357087828579 0542
0.0009181961697033257 0389 4192
0.0009080122720687378 0473 1837
0.0008783393373704233 0390 2238
0.0008736328391057865 0888
0.0008736328391057865 4577
0.0008736328391057865 5549
0.0008736328391057865 9512
0.0008714561911389396 0448 1818
0.0008633116042969766 0066 1992
0.0008590378320616456 0425 0495
0.0008575694163428108 0563 0576
0.0008096423703419385 0520
0.0008008989199521144 0851
0.0007955873813858613 0038 0066 1992
0.0007930403148251867 0121 0253
0.0007920132479312268 0390 0416 0473
0.0007862695551952065 0719
0.0007862695551952065 0744
0.0007862695551952065 3615
0.0007862695551952065 3999
0.0007862695551952065 6231
0.0007862695551952065 6553
0.0007808990587374424 0425 0764
0.0007800213064606336 0563 0745
0.0007534835690019014 0389 0416
0.0007525209580420379 0473 1263
0.0007251977923605415 0318 0389
0.0007127319678320525 0873
0.0007003925767125985 0038 2309
0.0006989062712846292 0847
0.0006989062712846292 1312
0.0006989062712846292 1677
0.0006989062712846292 1887
0.0006989062712846292 2271
0.0006989062712846292 2309
0.0006989062712846292 2990
0.0006989062712846292 4513
0.0006989062712846292 5359
0.0006883568889153519 0896
0.0006813627339310933 0038 0257
0.0006790845292832344 0425 0851
0.0006700469145033522 0038 2737
0.0006650237563537475 0559 0563
0.0006620868145099419 2260
0.0006362045382624874 0317 2201
0.0006214361778638142 0448 0892
0.0006143999710332902 0425 0640
0.0006115429873740505 0864
0.0006115429873740505 4157
0.0006115429873740505 5536
0.0006115429873740505 5783
0.0006115429873740505 5810
0.0006115429873740505 6246
0.0005713607753456931 5181
0.0005663413093961329 0108 0473
0.0005565841512589482 0066 0158
0.0005547046876794988 0038 0207
0.0005534615345867644 1996
0.0005397460501292172 0425 0576
0.0005374574550892619 0276 0473
0.0005241797034634709 0124
0.0005241797034634709 0392
0.0005241797034634709 0735
0.0005241797034634709 1502
0.0005241797034634709 1892
0.0005241797034634709 2201
0.0005241797034634709 2349
0.0005241797034634709 5300
0.0005241797034634709 5602
0.0005241797034634709 6248
0.0005241797034634709 6547
0.0005123646134660813 0390 3703
0.0005032183247603962 5327
0.00048215607612713565 0736
0.00046822406170706805 1856
0.000451627446376445 0400 0416
0.00043916966868521164 0390 2054
0.00043916966868521164 0390 8067
0.00043916966868521164 0390 1893
0.00043681641955289327 0420
0.00043681641955289327 0877
0.00043681641955289327 0952
0.00043681641955289327 1031
0.00043681641955289327 1130
0.00043681641955289327 1384
0.00043681641955289327 2102
0.00043681641955289327 2103
0.00043681641955289327 2165
0.00043681641955289327 2742
0.00043681641955289327 3242
0.00043681641955289327 3349
0.00043681641955289327 4222
0.00043681641955289327 5564
0.00043681641955289327 7750
0.00043295760189556435 0317 0446
0.00043138163386672164 0404 0548
0.0004193934028636855 0403
0.00040949715785012483 0448 0851
0.00039908008121499773 3504
0.00039426784870702324 0712
0.00036969216104122134 0448 0537
0.00035730402468858795 0087 0448
0.00034837771218056265 0442 0448
0.00034179827886179697 1142
0.0003317248936678941 0038 5783
0.00033121425258071896 0389 0474
0.00033121425258071896 0389 0640
0.0003293062131121514 0038 2274
0.00032248850994583546 0066 0167
0.0003194387789366498 0425 0441
0.0003145393442549952 0390 0678
0.0003103350027256011 0288 0548
0.0003029645577880492 0733
0.00030064398194118045 0317 0850
0.00029943949830554025 0317 1996
0.00029943949830554025 0317 0805
0.00029582538784099776 0158 0359
0.0002809017918497585 0690
0.0002763403183892023 1429
0.0002763403183892023 2356
0.00023678779813971135 2226
0.0002321026911484051 4172
0.0002239596547837132 0009 0317
0.0002239596547837132 0317 2065
0.0002183061073543835 0259
0.0002145448594575377 0390 1892
0.00020775644015283884 0096 0317 0389
0.0002001027591918918 0142
0.0002001027591918918 5724
0.00018177336989719372 0317 0448 2260
0.00016252786574215877 0253 0282
0.00015735228314568415 4070
0.00015651834601613393 0448 1263
0.0001382440030599704 3750
0.0001331268436628318 2313
0.00012930219770136963 0038 1260
0.00012048858796239366 0390 1840
0.00011481663332833417 1062
0.00010503312265952876 0253 0487
0.00010332837415705284 0548 1044
9.041232738742122e-05 0548 1992
7.300715396468066e-05 2329
7.300715396468066e-05 3784
6.301707484248026e-05 0448 0495
6.161695419491968e-05 0078 0448
5.755935701173086e-05 0253 0353
5.6945496030344564e-05 0548 2260
5.226290311871394e-05 0096 0563
3.914762413979299e-05 1069
3.762793698262145e-05 3315
2.170215713587674e-05 0317 0448 0797
2.1202902748620294e-05 0038 0096 0473
1.7745367967772033e-05 0038 0604
1.144701007770159e-05 0389 0390 0416
-6.847329853423393e-07 0448 0786
-5.979754290238238e-06 0317 5060
-7.866387734619777e-06 0447 0473
-2.5600627129842708e-05 1837
-2.9822881109978246e-05 0473 0487
-3.054772494132469e-05 0038 0878
-3.054772494132469e-05 0038 2570
-3.45706723315483e-05 0415 0473
-3.989544927229435e-05 0460 0548
-4.476919441028465e-05 1288
-4.629447466613039e-05 4136
-6.753122617871148e-05 0317 0564
-6.753122617871148e-05 0317 0373
-7.036519403692103e-05 0066 0359
-7.547603549011442e-05 0096 0389
-7.882022411846827e-05 0359 0400
-7.965037389677664e-05 0448 0453
-8.602688615194499e-05 0361
-8.70952717407658e-05 0096 0390 0473
-8.800775122051528e-05 2112
-9.206766371940623e-05 2043
-9.378304522273562e-05 0167 0548
-0.00010300257952580182 0441 0473
-0.0001054893431162113 0892
-0.00010603797627218419 0367
-0.00011841082608873327 0078 0473
-0.00013139706773310778 0584
-0.0001357750097511234 0603
-0.0001387184904306152 0276 0448
-0.00013888721878593184 0281
-0.000139102652318719 0446
-0.00015153768327139612 0680
-0.00015398207633643155 1531
-0.00015698816954292345 5601
-0.00016356248505503663 0092 0389
-0.00016666466254311907 0704
-0.00016666466254311907 2786
-0.00017159924104883357 0038 0850
-0.0001720537723038947 1959
-0.00017476798582106995 0317 0830
-0.0001858242704996714 0404 0448
-0.00018741525853492689 0969
-0.00018881656726773012 0874
-0.00018935281666835737 1507
-0.00020142445114694314 0120 0390
-0.0002036887266542164 0317 3078
-0.00020552071121923582 1019
-0.00020926574446497286 0503
-0.00021804849769317832 1805
-0.00022570767855525797 0957
-0.00023613618053532542 0038 4158
-0.0002444403609988191 0390 4070
-0.000249139704547002 0012
-0.00026468261395116234 0174 0548
-0.0002675892028997515 0253 0276
-0.0002679506159032129 1075
-0.0002679506159032129 2113
-0.0002679506159032129 4022
-0.0002746663754711786 0689
-0.0002929108123817447 0280 0448
-0.00030128179407869785 0038 5601
-0.000304569634117081 0038 0867
-0.00031646172146108394 0096 0338
-0.0003189864003652335 0787
-0.0003189864003652335 1492
-0.0003360619027343149 1375
-0.0003360619027343149 2200
-0.00033844436220139266 0836
-0.00033844436220139266 5678
-0.0003497111674916101 1089
-0.00035079370582763843 0815
-0.000357151354124784 2547
-0.0003599488153433998 2049
-0.0003599488153433998 2217
-0.0003738447493791474 0390 4192
-0.0003775044825010441 0317 0853
-0.0004049076341083104 2528
-0.0004052378928777062 0038 0566
-0.00040531324864422725 0390 0394
-0.0004154230398908452 0448 0559
-0.0004166616563577977 0878
-0.000420127794636402 0776
-0.0004253152004869769 0859
-0.0004275461202872526 0038 0504
-0.00042795183928629404 2737
-0.00043007063702280967 0096 0425
-0.0004343555178910464 3016
-0.0004346288538887858 0504
-0.0004423456608314764 0038 0448 0472
-0.00044488230774576866 3702
-0.0004533909806013723 2020
-0.0004645427695160818 0717
-0.00046777649605049147 1858
-0.00047085528762290374 0561
-0.0004789443111044004 2870
-0.0004823193420048963 1289
-0.0004872571095022735 0390 0448 2068
-0.0005195277507321771 1073
-0.0005274198616174102 0980
-0.0005290829244292355 2195
-0.0005447144384637088 0390 0770
-0.0005545898336518421 2684
-0.0005805792592204269 0448 0487
-0.0005817048644772595 0548 0745
-0.0005841526106516338 5585
-0.0006057127184234867 0916
-0.000607463228705853 0564
-0.0006359953216309787 0599
-0.0006359953216309787 1602
-0.000648264470952692 0038 0754
-0.0006515497695624834 0108 0548
-0.0006576563993017133 5060
-0.0006594862616321897 0257
-0.0006599919633126007 0467
-0.0006625082884337964 1821
-0.0006664541057595097 0373
-0.0006700296605290068 0092
-0.0006818529319741508 1260
-0.0006888070029567624 0172
-0.0006948588549274803 2037
-0.0006951849297278677 0253 0359
-0.0006969399713790792 0390 0830
-0.0007007062531121825 5490
-0.000714302708249568 2433
-0.0007218514813032024 1072
-0.0007218514813032024 1929
-0.0007244212618143043 1756
-0.0007411160308160607 0449
-0.000743799288856625 0915
-0.0007462134469413042 0636
-0.0007563085494448063 0038 1119
-0.000760803225991801 0390 0403
-0.0007739720303441081 0660
-0.0007739720303441081 1181
-0.0007796991928325503 0317 2242
-0.0007874285557596544 0703
-0.0007874285557596544 0844
-0.0007899970119186569 0140 0390
-0.0007949368019086796 0390 0512
-0.0008023256719911254 0871
-0.000809434249830805 0425 0563
-0.0008150171540057268 0096 0548
-0.0008324945877424001 1666
-0.0008324945877424001 2674
-0.0008415256386431856 0593
-0.0008432644709464763 0359 0548
-0.0008543169328998778 0390 0446
-0.000857509028549709 0834
-0.0008578856947313877 0805
-0.0008874674378480862 2108
-0.0008934850970673555 0096 0389 0390
-0.0009037616561951551 0317 0548 0563
-0.0009087746995300605 0066 0473
-0.000908848189781403 0837
-0.0009176790606233731 0141
-0.0009259196783213914 0425 0473
-0.0009386780417590455 0038 0317 2260
-0.0009518445432466225 0487 0548
-0.000957590407437043 2274
-0.000957590407437043 2755
-0.0009647980681434129 0430
-0.0009711723674044494 0650
-0.0009711723674044494 0932
-0.0009725027062144426 0553
-0.000994284048033214 0317 0969
-0.0010057726617099948 0405
-0.001007713779797482 1382
-0.001019802712859784 1118
-0.001035591470458896 0038 0400 0548
-0.0010381350636661717 0066 0078
-0.0010385808091650064 0129 0448
-0.0010499047410128714 1765
-0.0010503732499483795 0404
-0.0010510593796682738 1279
-0.0010662218543811735 0317 0400 0448
-0.0010714540623743519 0579
-0.001073935709577568 2393
-0.0010785899691938224 0381
-0.0010806514691455336 1764
-0.0010810120964349875 0038 0548 0563
-0.0010892721241586667 0770
-0.0010956900554734447 0605
-0.0011079640114198075 1572
-0.0011125921256964202 0409
-0.0011157068271115892 0317 2260
-0.0011270095614152225 0207
-0.0011272722843401921 2101
-0.0011314680223986474 0390 0874
-0.001138140885244487 0390 1836
-0.001156169786443625 1102
-0.0011592167150837743 0324
-0.0011811428336394804 0522
-0.0011834895761753993 0317 0404
-0.0011892916974954992 0552
-0.0011915466037079902 0760
-0.0011957601062500336 2570
-0.0012064270475329818 0693
-0.0012064270475329818 0747
-0.0012267265134101155 0038 0066 0317 0448
-0.0012345127227497404 3078
-0.001245434199658432 1314
-0.0012524029159156997 1004
-0.0012554904281969895 0720
-0.0012624312965686304 2247
-0.0012787315255860822 0229
-0.0012906556335236477 0390 2037
-0.0013123809262660894 0570
-0.0013211711366750657 0127
-0.0013216646386176314 0389 0563
-0.0013253683813721142 0318 0390
-0.001337932566107632 0066 0317 0548
-0.0013593578455206867 0548 0563
-0.0013601072020767724 0398
-0.0013601072020767724 1096
-0.0013614610652487023 0400 0548
-0.0013621172955131274 0538
-0.0013621172955131274 1809
-0.0013762250759175212 0790
-0.001379255124939225 2028
-0.0013853843794120718 2070
-0.0013865910955575928 0038 0400 0448
-0.0014022460025255405 0066 0548
-0.0014125658628687133 4192
-0.001423964129162943 0448 0563
-0.0014413393590960299 2711
-0.0014811488567556537 1358
-0.00148759857771325 1451
-0.0015173158971081356 0037
-0.001518959295042246 0519
-0.0015209260571477218 0431
-0.0015432465910622515 0786
-0.0015748571115193088 0469
-0.0015773124315702038 0353
-0.0015872487732876985 0881
-0.001598916194281758 0390 1263
-0.0016054955507790421 0317 0390 2068
-0.0016147661776886742 0571
-0.001616129851060579 1597
-0.0016234168246871817 0017
-0.0016384796814167552 0429
-0.0016581349335637566 0400 0448
-0.0016609381151983604 1834
-0.0016631276508994551 0317 0425 0448
-0.001677201591419066 2181
-0.0016830512772863712 1120
-0.0017036999914761077 1810
-0.0017468119167274548 1744
-0.0017495262623854057 0560
-0.0017853328503984898 0408
-0.0017954297956035052 0491
-0.0018068041413827278 0550
-0.0018147521726739075 1218
-0.0018171012393980188 0950
-0.0018281065542545248 0426
-0.0018335478034429962 0317 0472
-0.0018416901377111344 1983
-0.001864373757055163 0038 0066 0448
-0.0019157018017016366 1976
-0.0019180710132944106 1836
-0.0019189410172638513 0587
-0.001919358577855368 0459
-0.0019365155423571598 0096 0317 0390
-0.0019415413839935203 0708
-0.001967389897714234 0974
-0.001977722489399196 0317 0390 1102
-0.001993856956446928 0306
-0.0020138508837330735 0038 0497
-0.0020362220722101106 0713
-0.0020403791504042205 0238
-0.002057523210579029 0734
-0.0020593873132796706 0066 0448
-0.0020645008042301364 0664
-0.0020797466833992004 1049
-0.0020850233058127307 0471
-0.0020870173148017208 0390 0448 0473
-0.002098732510036488 0081
-0.002106544127848999 0121
-0.0021151597896096647 0120
-0.0021319566044833297 2568
-0.0022124278040690447 0206
-0.0022332200478956616 0317 0441
-0.002236926658246006 0266
-0.0022484997231285 0092 0317
-0.002265726257674921 0804
-0.002301540520331204 0617
-0.0023063268833611104 0312
-0.0023554441477868612 0156
-0.0023563843493068204 0136
-0.0024103481610452315 2065
-0.0024478672096336397 1261
-0.0024655599204015835 0260
-0.0024680018270853946 0956
-0.0024750114641601297 0139
-0.0025213510904686363 0929
-0.00253753253421004 1048
-0.0025538198125411556 0368
-0.0025575799726156555 0123
-0.0025931141688601534 1127
-0.0026873059618952536 0286
-0.0026945862054771294 0135
-0.0027128443379513183 0085
-0.00273163289365899 0029
-0.002836445212326583 0340
-0.002862280018742958 0129 0317
-0.0028767735215956282 0762
-0.002898697923118393 0509
-0.002946198136161383 0444
-0.0029562257548633175 0850
-0.0029664212404508995 0393
-0.002970129037782645 0390 0497
-0.0030502210225690878 0272
-0.0030620282712643526 0934
-0.0030657803657715087 0754
-0.0031306428470270946 0846
-0.0031544605902303854 0421
-0.003160703235421126 0946
-0.0031623755279340158 0285
-0.0032440586396771994 0057
-0.0032917463228739835 0867
-0.0033153317148913015 0204
-0.0033816348259327962 0038 0389 0390
-0.003508526569336782 0390 0425 0448
-0.0035596869669447546 0661
-0.0036228839568889387 0651
-0.003625545230037728 1022
-0.00362577686802806 0678
-0.003684796120153229 0573
-0.0036920997135572236 0676
-0.00369568230441561 0240
-0.003732258062111897 0914
-0.0037476760005120653 0325
-0.003848548538989911 0565
-0.003876684402817519 0488
-0.0039441954883172705 0389 0448
-0.004008166555812938 0655
-0.004284989362940918 0490
-0.004308728881332202 0158
-0.004368708881491502 1259
-0.0044032338169635015 0339
-0.004560818495791065 0034
-0.004603115561490952 1163
-0.004635784209253155 0424
-0.0047055283493381145 0317 0390 0473
-0.00483042685420911 0415
-0.005167970388018873 0563
-0.0051812509650619185 0317 0400
-0.0051871236518364885 0195
-0.005359708980268572 0525
-0.005689648534960478 0038 0066 0317
-0.005724107359732664 0038 0563
-0.0060411279108075824 0495
-0.006551721468749978 0082
-0.006729455134889567 1119
-0.006933652060079784 1263
-0.007052790190153972 0211
-0.007746578517922202 0716
-0.007903387379730719 0164
-0.007907986686765888 0276
-0.008315855310577118 1044
-0.008867413489778868 0416
-0.008951478680480933 0180
-0.00920622436869418 0288
-0.010011603312696942 0317 0425
-0.010028944568369665 0453
-0.011149081153556012 0083
-0.011212371817423912 0129
-0.013793108013517578 0338
-0.014004623064465434 0096
-0.01679971132870965 0359
-0.01719828482811924 0038 0448
-0.017618754994373233 0174
-0.019321809391559672 0253
-0.023861896034581546 0441
-0.024896366001129832 0066