0.6145466543931075 0245
0.6145466543931075 0045
0.6145466543931075 0098 0118
0.6145466543931075 0330
0.6145466543931075 0240
0.6145466543931075 0397 0479
0.6145466543931075 1320
0.6145466543931075 0335
0.6145466543931075 0122 0382
0.6145466543931075 0917
0.6145466543931075 0096 0397
0.6145466543931075 0942 2896
0.6145466543931075 0382 0458
0.6145466543931075 0423
0.6145466543931075 1041
0.6145466543931075 0099 0382
0.6145466543931075 1218
0.6145466543931075 0083 0723
0.6145466543931075 0519
0.6145466543931075 0940
0.6145466543931075 1345
0.6145466543931075 0432
0.6145466543931075 1597
0.6145466543931075 2130
0.6145466543931075 3277
0.6145466543931075 0225 0526
0.6145466543931075 1500
0.6145466543931075 1997
0.6145466543931075 0245 0723
0.6145466543931075 0382 1320
0.6145466543931075 0638
0.6145466543931075 1532
0.6145466543931075 3168
0.6145466543931075 3554
0.6145466543931075 0137 0797
0.6145466543931075 0397 0457
0.6145466543931075 0118 0474
0.6145466543931075 0066 0987
0.6145466543931075 0096 0190
0.6145466543931075 0458 1263
0.6145466543931075 1353
0.6145466543931075 4019
0.6145466543931075 0174 0330
0.6145466543931075 0190 0382
0.6145466543931075 0458 1611
0.6145466543931075 0044
0.6145466543931075 2092
0.6145466543931075 2145
0.6145466543931075 2833
0.6145466543931075 0382 0525
0.6145466543931075 0122 0190
0.6145466543931075 0526 0691
0.6145466543931075 0093 0233
0.6145466543931075 0045 0298
0.6145466543931075 0397 0590
0.6145466543931075 1263 3277
0.6145466543931075 0428
0.6145466543931075 0557
0.6145466543931075 0887
0.6145466543931075 1622
0.6145466543931075 1970
0.6145466543931075 3235
0.6145466543931075 3312
0.6145466543931075 0093 0298
0.6145466543931075 0362 0723
0.6145466543931075 0190 1160
0.6145466543931075 3263
0.6145466543931075 4179
0.6145466543931075 4358
0.6145466543931075 0190 0487
0.6145466543931075 0066 0418
0.6145466543931075 0397 0591
0.6145466543931075 0245 0298
0.6145466543931075 0338 0397
0.6145466543931075 0190 0397 0457
0.6145466543931075 0751
0.6145466543931075 1285
0.6145466543931075 1452
0.6145466543931075 2252
0.6145466543931075 2785
0.6145466543931075 8665
0.6145466543931075 0066 0122
0.6145466543931075 0418 0525
0.6145466543931075 0118 0458
0.6145466543931075 0723 1259
0.6145466543931075 0190 1044
0.6145466543931075 0096 0190 0397
0.6145466543931075 0113
0.6145466543931075 0976
0.6145466543931075 1561
0.6145466543931075 1874
0.6145466543931075 1938
0.6145466543931075 2581
0.6145466543931075 3143
0.6145466543931075 3922
0.6145466543931075 4049
0.6145466543931075 0284 0285
0.6145466543931075 0190 0250
0.6145466543931075 0138 0205
0.6145466543931075 0394 0565
0.6145466543931075 0723 1832
0.6145466543931075 0174 0397
0.6145466543931075 0397 1044
0.6145466543931075 0422 1320
0.6145466543931075 0298 0723 1832
0.6145466543931075 1683
0.6145466543931075 1823
0.6145466543931075 1869
0.6145466543931075 2807
0.6145466543931075 0204 0397
0.6145466543931075 0397 0474
0.6145466543931075 0149 0190
0.6145466543931075 0791 0792
0.6145466543931075 0122 0397
0.6145466543931075 0382 0559
0.6145466543931075 0137 0152
0.6145466543931075 0177 1219
0.6145466543931075 0397 0745
0.6145466543931075 0118 0149
0.6145466543931075 0053
0.6145466543931075 0606
0.6145466543931075 1435
0.6145466543931075 2564
0.6145466543931075 4046
0.6145466543931075 5074
0.6145466543931075 0118 0147
0.6145466543931075 0190 0191
0.6145466543931075 0083 0190
0.6145466543931075 0149 0418
0.6145466543931075 0152 0723
0.6145466543931075 0066 0149
0.6145466543931075 0066 0397
0.6145466543931075 0122 0745
0.6145466543931075 0093 0382
0.6145466543931075 0118 0204
0.6145466543931075 0177 0298
0.6145466543931075 0174 0190
0.6145466543931075 0164 0382
0.6145466543931075 0338 0573
0.6145466543931075 0078 0576
0.6145466543931075 0298 0752
0.6145466543931075 0128
0.6145466543931075 0202
0.6145466543931075 1005
0.6145466543931075 1174
0.6145466543931075 1344
0.6145466543931075 1649
0.6145466543931075 1846
0.6145466543931075 1861
0.6145466543931075 1931
0.6145466543931075 2508
0.6145466543931075 2727
0.6145466543931075 5718
0.6145466543931075 0117 0118
0.6145466543931075 0032 0137
0.6145466543931075 0186 0225
0.6145466543931075 0382 1004
0.6145466543931075 0098 0147
0.6145466543931075 0161 0524
0.6145466543931075 0007 0137
0.6145466543931075 0501 0723
0.6145466543931075 0190 0745
0.6145466543931075 1832 2092
0.6145466543931075 0298 2156
0.6145466543931075 0098 0164
0.6145466543931075 0225 1259
0.6145466543931075 0138 1263
0.6145466543931075 0093 0122
0.6145466543931075 0225 0453
0.6145466543931075 0284 0987
0.6145466543931075 0149 3677
0.6145466543931075 0093 0174
0.6145466543931075 0336 0397
0.6145466543931075 0418 0453
0.6145466543931075 0193 0338
0.6145466543931075 0382 0656
0.6145466543931075 0225 0492
0.6145466543931075 0338 0382
0.6145466543931075 0083 0298
0.6145466543931075 0083 0407
0.6145466543931075 0118 8665
0.6145466543931075 1650 3554
0.6145466543931075 0526 0903
0.6145466543931075 0098 0118 0147
0.6145466543931075 0298 1832 2092
0.6145466543931075 0182
0.6145466543931075 1112
0.6145466543931075 1149
0.6145466543931075 1246
0.6145466543931075 2128
0.6145466543931075 3239
0.6145466543931075 3279
0.6145466543931075 4380
0.6145466543931075 0149 0174
0.6145466543931075 0027 0298
0.6145466543931075 0066 0225
0.6145466543931075 0336 0338
0.6145466543931075 0346 0395
0.6145466543931075 0046 0149
0.6145466543931075 0474 0479
0.6145466543931075 0190 0790
0.6145466543931075 0190 0205
0.6145466543931075 0194 0487
0.6145466543931075 0138 0296
0.6145466543931075 0190 0797
0.6145466543931075 0118 0240
0.6145466543931075 0298 1263
0.6145466543931075 0190 1344
0.6145466543931075 0096 1183
0.6145466543931075 0525 0797
0.6145466543931075 0619 0942
0.6145466543931075 0942 1523
0.6145466543931075 0066 0152
0.6145466543931075 0149 0225
0.6145466543931075 0045 0397
0.6145466543931075 0298 1102
0.6145466543931075 0442 0617
0.6145466543931075 0407 0723
0.6145466543931075 0190 0591
0.6145466543931075 0118 0293
0.6145466543931075 0066 0093
0.6145466543931075 0116 0576
0.6145466543931075 0134 0149
0.6145466543931075 0190 0338
0.6145466543931075 0190 1183
0.6145466543931075 0397 0610
0.6145466543931075 0149 0559
0.6145466543931075 0338 0474
0.6145466543931075 0122 0559
0.6145466543931075 0007 0032
0.6145466543931075 0458 2070
0.6145466543931075 0316 1691
0.6145466543931075 0190 2978
0.6145466543931075 0011 0718
0.6145466543931075 1119 1419
0.6145466543931075 0118 0225
0.6145466543931075 0458 1125
0.6145466543931075 0118 0487
0.6145466543931075 0298 0415
0.6145466543931075 0118 0526
0.6145466543931075 0122 0362
0.6145466543931075 0525 1219
0.6145466543931075 0045 0355
0.6145466543931075 0543 2848
0.6145466543931075 0118 1044
0.6145466543931075 0276 0382
0.6145466543931075 0118 0355
0.6145466543931075 0298 1440
0.6145466543931075 0382 0543
0.6145466543931075 0458 3277
0.6145466543931075 0463 0610
0.6145466543931075 0463 0846
0.6145466543931075 0083 0122
0.6145466543931075 0382 0495
0.6145466543931075 0382 1127
0.6145466543931075 0225 0298
0.6145466543931075 0225 1923
0.6145466543931075 0122 1044
0.6145466543931075 0298 0832
0.6145466543931075 1263 2894
0.6145466543931075 0190 0397 0571
0.6145466543931075 0397 0457 0571
0.6145466543931075 0190 0397 0621
0.6145466543931075 0382 0723 0797
0.6145466543931075 0463 0610 0846
0.6145466543931075 0190 0397 1044
0.6145466543931075 0118 1650 3554
0.6145466543931075 1092
0.6145466543931075 1108
0.6145466543931075 1275
0.6145466543931075 1356
0.6145466543931075 1831
0.6145466543931075 1918
0.6145466543931075 2330
0.6145466543931075 2591
0.6145466543931075 2619
0.6145466543931075 2643
0.6145466543931075 3250
0.6145466543931075 3858
0.6145466543931075 3894
0.6145466543931075 3935
0.6145466543931075 4080
0.6145466543931075 4088
0.6145466543931075 4233
0.6145466543931075 4839
0.6145466543931075 7983
0.6145466543931075 0011 0149
0.6145466543931075 0066 0180
0.6145466543931075 0186 0382
0.6145466543931075 0081 0190
0.6145466543931075 0416 0458
0.6145466543931075 0134 0190
0.6145466543931075 0190 0418
0.6145466543931075 0083 0691
0.6145466543931075 0458 0755
0.6145466543931075 0066 0164
0.6145466543931075 0382 0874
0.6145466543931075 0093 0565
0.6145466543931075 0177 0424
0.6145466543931075 0093 0563
0.6145466543931075 0298 1043
0.6145466543931075 0152 0426
0.6145466543931075 0056 0122
0.6145466543931075 0122 0276
0.6145466543931075 0177 0330
0.6145466543931075 0174 0914
0.6145466543931075 0792 0974
0.6145466543931075 0152 0708
0.6145466543931075 0045 0138
0.6145466543931075 0007 0237
0.6145466543931075 0043 1113
0.6145466543931075 0338 0745
0.6145466543931075 0118 0152
0.6145466543931075 0397 1201
0.6145466543931075 0093 0225
0.6145466543931075 0066 0474
0.6145466543931075 0407 0479
0.6145466543931075 0122 1263
0.6145466543931075 0298 0525
0.6145466543931075 0397 0676
0.6145466543931075 0298 0488
0.6145466543931075 0723 1201
0.6145466543931075 0149 0397
0.6145466543931075 0282 0397
0.6145466543931075 0098 0543
0.6145466543931075 0118 0543
0.6145466543931075 0066 0338
0.6145466543931075 0190 1010
0.6145466543931075 0418 0559
0.6145466543931075 0382 0424
0.6145466543931075 0007 0791
0.6145466543931075 0045 0713
0.6145466543931075 0137 0559
0.6145466543931075 0137 0792
0.6145466543931075 0152 0755
0.6145466543931075 0093 0284
0.6145466543931075 0098 0122
0.6145466543931075 0258 0338
0.6145466543931075 0177 0284
0.6145466543931075 0418 0427
0.6145466543931075 0458 0655
0.6145466543931075 0284 0500
0.6145466543931075 0258 0298
0.6145466543931075 0418 1227
0.6145466543931075 0118 0245
0.6145466543931075 0250 1393
0.6145466543931075 0149 0298
0.6145466543931075 0298 0626
0.6145466543931075 0752 1919
0.6145466543931075 0045 0752
0.6145466543931075 0190 0244
0.6145466543931075 0382 0786
0.6145466543931075 0117 0134
0.6145466543931075 0298 0418
0.6145466543931075 0045 0418
0.6145466543931075 0330 0827
0.6145466543931075 0116 0418
0.6145466543931075 0332 3530
0.6145466543931075 0122 0174
0.6145466543931075 0298 0362
0.6145466543931075 0436 0721
0.6145466543931075 0382 1125
0.6145466543931075 0244 0397
0.6145466543931075 1183 1789
0.6145466543931075 0104 0397
0.6145466543931075 0298 1374
0.6145466543931075 0382 1259
0.6145466543931075 0225 0338
0.6145466543931075 0174 0180
0.6145466543931075 0298 0526
0.6145466543931075 0723 4049
0.6145466543931075 0118 0934
0.6145466543931075 0122 0858
0.6145466543931075 0338 0576
0.6145466543931075 0382 0921
0.6145466543931075 0514 0525
0.6145466543931075 0382 0416
0.6145466543931075 0458 0867
0.6145466543931075 0339 0382
0.6145466543931075 0458 3168
0.6145466543931075 0034 0382
0.6145466543931075 0382 0490
0.6145466543931075 0083 0118
0.6145466543931075 0118 1676
0.6145466543931075 0122 0526
0.6145466543931075 0423 1320
0.6145466543931075 0407 0656
0.6145466543931075 0415 1050
0.6145466543931075 1789 5142
0.6145466543931075 0397 1532
0.6145466543931075 0117 0499
0.6145466543931075 0458 2478
0.6145466543931075 0458 11687
0.6145466543931075 0190 0250 0397
0.6145466543931075 0083 0526 0691
0.6145466543931075 0043 0152 1113
0.6145466543931075 0245 0298 2092
0.6145466543931075 0298 1201 1832
0.6145466543931075 0394 0447 0565
0.6145466543931075 0298 0382 0723
0.6145466543931075 0225 0382 0526
0.6145466543931075 0118 0382 0422
0.6145466543931075 1045
0.6145466543931075 1172
0.6145466543931075 1324
0.6145466543931075 1363
0.6145466543931075 1417
0.6145466543931075 1453
0.6145466543931075 1517
0.6145466543931075 1949
0.6145466543931075 1963
0.6145466543931075 2191
0.6145466543931075 2446
0.6145466543931075 2612
0.6145466543931075 2830
0.6145466543931075 3096
0.6145466543931075 3596
0.6145466543931075 4023
0.6145466543931075 4162
0.6145466543931075 4287
0.6145466543931075 4488
0.6145466543931075 5106
0.6145466543931075 6669
0.6145466543931075 0116 0118
0.6145466543931075 0138 0139
0.6145466543931075 0118 0336
0.6145466543931075 0298 0338
0.6145466543931075 0017 0190
0.6145466543931075 0078 0418
0.6145466543931075 0162 0453
0.6145466543931075 0211 0397
0.6145466543931075 0190 0395
0.6145466543931075 0092 0122
0.6145466543931075 0244 0453
0.6145466543931075 0190 0594
0.6145466543931075 0474 0608
0.6145466543931075 0190 0664
0.6145466543931075 0225 0691
0.6145466543931075 0066 0723
0.6145466543931075 0723 0796
0.6145466543931075 0066 0245
0.6145466543931075 0149 0416
0.6145466543931075 0340 0382
0.6145466543931075 0098 0492
0.6145466543931075 0190 0195
0.6145466543931075 0149 0330
0.6145466543931075 0205 0298
0.6145466543931075 0152 1119
0.6145466543931075 0118 0258
0.6145466543931075 0442 0640
0.6145466543931075 0085 0139
0.6145466543931075 0138 0330
0.6145466543931075 0057 0138
0.6145466543931075 0501 1263
0.6145466543931075 0034 1119
0.6145466543931075 0137 1119
0.6145466543931075 0098 1201
0.6145466543931075 0237 0342
0.6145466543931075 1574 1575
0.6145466543931075 0064 0138
0.6145466543931075 0118 0415
0.6145466543931075 0118 0619
0.6145466543931075 0233 0755
0.6145466543931075 0007 1025
0.6145466543931075 0032 0138
0.6145466543931075 0339 0397
0.6145466543931075 0021 0190
0.6145466543931075 0608 1835
0.6145466543931075 0118 0525
0.6145466543931075 0093 0442
0.6145466543931075 0407 0442
0.6145466543931075 0045 0416
0.6145466543931075 0057 0190
0.6145466543931075 0501 0752
0.6145466543931075 0479 1264
0.6145466543931075 0190 0442
0.6145466543931075 0501 0526
0.6145466543931075 0190 1744
0.6145466543931075 0090 0194
0.6145466543931075 0096 0118
0.6145466543931075 0098 0293
0.6145466543931075 0453 0559
0.6145466543931075 0382 0500
0.6145466543931075 0418 0488
0.6145466543931075 0272 0382
0.6145466543931075 0205 0797
0.6145466543931075 0174 0723
0.6145466543931075 0453 0723
0.6145466543931075 0027 0458
0.6145466543931075 0083 0479
0.6145466543931075 0225 0723
0.6145466543931075 0225 0266
0.6145466543931075 0298 0339
0.6145466543931075 0397 0909
0.6145466543931075 0225 0394
0.6145466543931075 0043 0298
0.6145466543931075 0617 2374
0.6145466543931075 0225 1201
0.6145466543931075 0083 0149
0.6145466543931075 0007 0098
0.6145466543931075 0492 1557
0.6145466543931075 0258 0442
0.6145466543931075 0338 0442
0.6145466543931075 0045 0755
0.6145466543931075 0193 0645
0.6145466543931075 0122 0152
0.6145466543931075 0011 0478
0.6145466543931075 0089 0942
0.6145466543931075 0122 0426
0.6145466543931075 0066 0626
0.6145466543931075 0418 1073
0.6145466543931075 0458 3624
0.6145466543931075 0382 0532
0.6145466543931075 0098 0149
0.6145466543931075 0149 0563
0.6145466543931075 0397 0842
0.6145466543931075 0177 0797
0.6145466543931075 0190 1451
0.6145466543931075 0284 0362
0.6145466543931075 0453 0690
0.6145466543931075 0590 1098
0.6145466543931075 0557 0591
0.6145466543931075 0479 0723
0.6145466543931075 0134 0458
0.6145466543931075 0066 0526
0.6145466543931075 0190 0285
0.6145466543931075 0418 0745
0.6145466543931075 0027 0723
0.6145466543931075 0073 0418
0.6145466543931075 0298 1611
0.6145466543931075 0618 0752
0.6145466543931075 0723 0909
0.6145466543931075 0458 1565
0.6145466543931075 0164 0721
0.6145466543931075 0474 0565
0.6145466543931075 0007 0397
0.6145466543931075 0397 0497
0.6145466543931075 0397 0649
0.6145466543931075 0190 5074
0.6145466543931075 0397 5074
0.6145466543931075 0211 0382
0.6145466543931075 0190 0610
0.6145466543931075 0118 0573
0.6145466543931075 0418 0479
0.6145466543931075 0723 1219
0.6145466543931075 0225 1183
0.6145466543931075 0118 0745
0.6145466543931075 0118 0618
0.6145466543931075 0174 1835
0.6145466543931075 0601 0731
0.6145466543931075 0382 0601
0.6145466543931075 0118 0656
0.6145466543931075 0164 0422
0.6145466543931075 0177 0193
0.6145466543931075 0205 0479
0.6145466543931075 0397 0436
0.6145466543931075 0118 0942
0.6145466543931075 0164 0407
0.6145466543931075 0382 1326
0.6145466543931075 0382 0691
0.6145466543931075 0298 1316
0.6145466543931075 0382 1219
0.6145466543931075 0458 3834
0.6145466543931075 0225 0715
0.6145466543931075 0458 3798
0.6145466543931075 0225 1557
0.6145466543931075 0190 1259
0.6145466543931075 0458 2290
0.6145466543931075 0426 0458
0.6145466543931075 0009 0298
0.6145466543931075 0723 0796 0797
0.6145466543931075 0098 0118 0492
0.6145466543931075 0190 0397 0524
0.6145466543931075 0190 0193 0397
0.6145466543931075 0098 0118 0293
0.6145466543931075 0245 1832 2092
0.6145466543931075 0093 0284 0298
0.6145466543931075 0177 0284 0298
0.6145466543931075 0011 0478 0718
0.6145466543931075 0118 0382 0723
0.6145466543931075 0164 0436 0721
0.6145466543931075 0397 0497 0893
0.6145466543931075 0382 0407 0656
0.6145466543931075 0152 0382 0422
0.6145466543931075 0225 0407 0656
0.6145466543931075 0118 0422 0723
0.6145466543931075 0245 0298 1832 2092
0.6145466543931073 0093
0.6145466543931073 0723
0.6145466543931073 0152
0.6145466543931073 0526
0.6145466543931072 0382
0.6145466543931071 0190
0.6145466543931071 0397
0.6145466543931071 0118
0.6145466543931071 0298
0.6145466543931071 0122
0.6145466543931071 0225
0.6145466543931071 0458
0.6145466543931071 0418
0.6145466543931071 0174
0.6145466543931071 0098
0.6145466543931071 0407
0.6145466543931071 0007
0.6145466543931071 0752
0.6145466543931071 0474
0.6145466543931071 0453
0.6145466543931071 0284
0.6145466543931071 0755
0.6145466543931071 0225 0407
0.6145466543931071 0422
0.6145466543931071 0525
0.6145466543931071 0501
0.6145466543931071 1832
0.6145466543931071 0382 0723
0.6145466543931071 0298 1832
0.6145466543931071 0117
0.6145466543931071 0376
0.6145466543931071 1119
0.6145466543931071 0942
0.6145466543931071 0284 0298
0.6145466543931071 0225 0382
0.6145466543931071 0987
0.6145466543931071 0909
0.6145466543931071 0973
0.6145466543931071 1083
0.6145466543931071 0827
0.6145466543931071 0382 0422
0.6145466543931071 0225 0382 0407
0.6145466543931071 0187
0.6145466543931071 0492
0.6145466543931071 0099
0.6145466543931071 1183
0.6145466543931071 1113
0.6145466543931071 1050
0.6145466543931071 0057
0.6145466543931071 1125
0.6145466543931071 0618
0.6145466543931071 1397
0.6145466543931071 0397 0418
0.6145466543931071 0708
0.6145466543931071 0190 0376
0.6145466543931071 0332
0.6145466543931071 0642
0.6145466543931071 1650
0.6145466543931071 0152 1113
0.6145466543931071 1611
0.6145466543931071 0426
0.6145466543931071 0422 0723
0.6145466543931071 0147
0.6145466543931071 0761
0.6145466543931071 0730
0.6145466543931071 3530
0.6145466543931071 0891
0.6145466543931071 0974
0.6145466543931071 2896
0.6145466543931071 1976
0.6145466543931071 3339
0.6145466543931071 0099 0723
0.6145466543931071 0100
0.6145466543931071 1588
0.6145466543931071 0382 0526
0.6145466543931071 0648
0.6145466543931071 0190 0479
0.6145466543931071 0174 0474
0.6145466543931071 0298 0382
0.6145466543931071 0118 0723
0.6145466543931071 0382 0422 0723
0.6145466543931069 0137
0.6145466543931069 0190 0397
0.6145466543931069 0177
0.6145466543931069 0138
0.6145466543931066 0382 0407
0.6145466543931066 0083 0225
0.6145466543931066 0149 0180
0.6145466543931066 0382 0479
0.6145466543931066 0008
0.6145466543931066 0523
0.6145466543931066 2836
0.6145466543931066 0066 0362
0.6145466543931066 0711
0.6145466543931066 1402
0.6145466543931066 0118 0174
0.6145466543931066 0298 0755
0.6145466543931066 0334
0.6145466543931066 2302
0.6145466543931066 0422 0423
0.6145466543931066 0298 1050
0.6145466543931066 0099 0382 0723
0.6145466543931066 0118 0187
0.6145466543931066 0118 0382
0.6145466543931066 0117 0458
0.6145466543931066 1004
0.6145466543931066 3501
0.6145466543931066 0152 0382
0.6145466543931066 0298 0723
0.6145466543931066 0298 0458
0.6145466543931066 0093 0118
0.6145466543931066 0552
0.6145466543931066 1216
0.6145466543931066 1518
0.6145466543931066 0149 0162
0.6145466543931066 0098 0187
0.6145466543931066 0382 0745
0.6145466543931066 0382 0423
0.6145466543931066 1607
0.6145466543931066 2866
0.6145466543931066 3677
0.6145466543931066 0045 0180
0.6145466543931066 0329
0.6145466543931066 0826
0.6145466543931066 0912
0.6145466543931066 1986
0.6145466543931066 2290
0.6145466543931066 2978
0.6145466543931066 0190 0457
0.6145466543931066 0149 0382
0.6145466543931066 0118 0752
0.6145466543931066 0382 0797
0.6145466543931066 0152 0797
0.6145466543931066 0581
0.6145466543931066 0930
0.6145466543931066 1396
0.6145466543931066 1418
0.6145466543931066 1777
0.6145466543931066 1855
0.6145466543931066 1897
0.6145466543931066 1923
0.6145466543931066 0397 0416
0.6145466543931066 0137 0237
0.6145466543931066 0298 0617
0.6145466543931066 0187 0225
0.6145466543931066 0098 0118 0187
0.6145466543931066 3103
0.6145466543931066 3426
0.6145466543931066 0382 0453
0.6145466543931066 0723 0797
0.6145466543931066 0458 0818
0.6145466543931066 0397 0621
0.6145466543931066 0382 1832
0.6145466543931066 0458 0723
0.6145466543931066 0382 1201
0.6145466543931066 0382 2302
0.6145466543931066 0118 3554
0.6145466543931066 0298 0382 1832
0.6145466543931066 0382 0422 0423
0.6145466543931066 0047
0.6145466543931066 0608
0.6145466543931066 0646
0.6145466543931066 0924
0.6145466543931066 1015
0.6145466543931066 11687
0.6145466543931066 2156
0.6145466543931066 2253
0.6145466543931066 2373
0.6145466543931066 2894
0.6145466543931066 0118 0298
0.6145466543931066 0083 0526
0.6145466543931066 0098 0225
0.6145466543931066 0395 0397
0.6145466543931066 0382 0442
0.6145466543931066 0092 0190
0.6145466543931066 0118 0122
0.6145466543931066 0149 0447
0.6145466543931066 0118 0730
0.6145466543931066 0331
0.6145466543931066 0989
0.6145466543931066 1217
0.6145466543931066 1267
0.6145466543931066 1479
0.6145466543931066 1557
0.6145466543931066 1734
0.6145466543931066 1906
0.6145466543931066 7905
0.6145466543931066 9034
0.6145466543931066 0093 0190
0.6145466543931066 0011 0138
0.6145466543931066 0190 0690
0.6145466543931066 0382 0418
0.6145466543931066 0152 0563
0.6145466543931066 0174 0382
0.6145466543931066 0942 3103
0.6145466543931066 0298 0987
0.6145466543931066 0122 0177
0.6145466543931066 0122 0418
0.6145466543931066 0525 0723
0.6145466543931066 0245 0418
0.6145466543931066 0422 2302
0.6145466543931066 0415 0832
0.6145466543931066 0190 0397 0479
0.6145466543931066 0702
0.6145466543931066 0781
0.6145466543931066 0918
0.6145466543931066 1321
0.6145466543931066 1726
0.6145466543931066 2548
0.6145466543931066 4719
0.6145466543931066 5153
0.6145466543931066 0250 0397
0.6145466543931066 0093 0397
0.6145466543931066 0118 0973
0.6145466543931066 0459 0526
0.6145466543931066 0078 0137
0.6145466543931066 0190 2260
0.6145466543931066 0723 1320
0.6145466543931066 0458 4019
0.6145466543931066 0458 0501
0.6145466543931066 0397 1183
0.6145466543931066 0116 0837
0.6145466543931066 0723 1938
0.6145466543931066 0214
0.6145466543931066 0742
0.6145466543931066 0833
0.6145466543931066 1371
0.6145466543931066 1475
0.6145466543931066 1881
0.6145466543931066 1927
0.6145466543931066 2084
0.6145466543931066 3939
0.6145466543931066 5740
0.6145466543931066 0066 0177
0.6145466543931066 0188 0190
0.6145466543931066 0118 0338
0.6145466543931066 0190 0590
0.6145466543931066 0007 0190
0.6145466543931066 0418 0827
0.6145466543931066 0180 0382
0.6145466543931066 0152 0444
0.6145466543931066 0152 0298
0.6145466543931066 0043 0152
0.6145466543931066 0190 0282
0.6145466543931066 0382 0394
0.6145466543931066 0245 1832
0.6145466543931066 0298 2092
0.6145466543931066 0576 2130
0.6145466543931066 0298 1201
0.6145466543931066 0458 1201
0.6145466543931066 0149 0272
0.6145466543931066 0093 0474
0.6145466543931066 0382 0661
0.6145466543931066 0474 4179
0.6145466543931066 0442 0576
0.6145466543931066 0083 0382
0.6145466543931066 0118 0422
0.6145466543931066 0118 1650
0.6145466543931066 1044 9034
0.6145466543931066 0397 0590 0591
0.6145466543931066 0245 0298 1832
0.6145466543931066 0382 0422 1320
0.6145466543931066 1084
0.6145466543931066 1085
0.6145466543931066 1098
0.6145466543931066 1719
0.6145466543931066 1761
0.6145466543931066 1922
0.6145466543931066 2388
0.6145466543931066 2743
0.6145466543931066 3536
0.6145466543931066 3798
0.6145466543931066 4381
0.6145466543931066 0188 0397
0.6145466543931066 0190 0298
0.6145466543931066 0190 0276
0.6145466543931066 0422 0526
0.6145466543931066 0190 0204
0.6145466543931066 0066 0190
0.6145466543931066 0194 0298
0.6145466543931066 0093 0276
0.6145466543931066 0177 0650
0.6145466543931066 0098 1160
0.6145466543931066 0027 0066
0.6145466543931066 0045 0190
0.6145466543931066 0152 1821
0.6145466543931066 0190 0193
0.6145466543931066 0096 0225
0.6145466543931066 0397 0754
0.6145466543931066 0174 0418
0.6145466543931066 0797 1219
0.6145466543931066 0164 0225
0.6145466543931066 0376 0382
0.6145466543931066 0397 0500
0.6145466543931066 0134 0382
0.6145466543931066 0382 0909
0.6145466543931066 0610 0846
0.6145466543931066 0458 0618
0.6145466543931066 0093 0458
0.6145466543931066 0114
0.6145466543931066 0212
0.6145466543931066 0216
0.6145466543931066 0841
0.6145466543931066 0975
0.6145466543931066 1247
0.6145466543931066 1523
0.6145466543931066 1541
0.6145466543931066 1575
0.6145466543931066 2126
0.6145466543931066 2673
0.6145466543931066 3583
0.6145466543931066 4509
0.6145466543931066 0298 0397
0.6145466543931066 0395 0479
0.6145466543931066 0382 0523
0.6145466543931066 0422 0525
0.6145466543931066 0190 0559
0.6145466543931066 0190 0571
0.6145466543931066 0397 0571
0.6145466543931066 0457 0571
0.6145466543931066 0298 0416
0.6145466543931066 0397 0751
0.6145466543931066 0474 0846
0.6145466543931066 0066 0858
0.6145466543931066 0205 0903
0.6145466543931066 0027 0190
0.6145466543931066 0827 1267
0.6145466543931066 0524 0620
0.6145466543931066 0122 0458
0.6145466543931066 0190 0621
0.6145466543931066 0190 0339
0.6145466543931066 0397 0400
0.6145466543931066 0193 0397
0.6145466543931066 0376 0723
0.6145466543931066 0298 0453
0.6145466543931066 0177 0418
0.6145466543931066 0118 0442
0.6145466543931066 0225 0797
0.6145466543931066 0138 0797
0.6145466543931066 0118 0755
0.6145466543931066 0458 4114
0.6145466543931066 0122 0164
0.6145466543931066 0376 0479
0.6145466543931066 0397 0453
0.6145466543931066 0382 0492
0.6145466543931066 0463 0474
0.6145466543931066 0463 4179
0.6145466543931066 0193 0382
0.6145466543931066 0261 0458
0.6145466543931066 0161 0524 0620
0.6145466543931066 0284 0298 0987
0.6145466543931066 0463 0474 4179
0.6145466543931066 0382 0422 2302
0.6145466543931066 0382 0723 1320
0.6145466543931066 0083 0225 0407
0.6145466543931066 0095
0.6145466543931066 0939
0.6145466543931066 1035
0.6145466543931066 1080
0.6145466543931066 1688
0.6145466543931066 2142
0.6145466543931066 2172
0.6145466543931066 2186
0.6145466543931066 2293
0.6145466543931066 2482
0.6145466543931066 3624
0.6145466543931066 3799
0.6145466543931066 5417
0.6145466543931066 7375
0.6145466543931066 7814
0.6145466543931066 0085 0362
0.6145466543931066 0177 0190
0.6145466543931066 0211 0298
0.6145466543931066 0397 0568
0.6145466543931066 0081 0122
0.6145466543931066 0149 0490
0.6145466543931066 0458 0752
0.6145466543931066 0400 0858
0.6145466543931066 0083 0422
0.6145466543931066 0152 0422
0.6145466543931066 0118 0492
0.6145466543931066 0276 0397
0.6145466543931066 0137 0235
0.6145466543931066 0093 0152
0.6145466543931066 0138 0152
0.6145466543931066 0007 0122
0.6145466543931066 0152 0974
0.6145466543931066 0152 0526
0.6145466543931066 0225 0442
0.6145466543931066 0416 0479
0.6145466543931066 0407 0526
0.6145466543931066 0174 0298
0.6145466543931066 0298 0797
0.6145466543931066 0245 2092
0.6145466543931066 0183 0225
0.6145466543931066 0648 0755
0.6145466543931066 0418 0909
0.6145466543931066 0225 1022
0.6145466543931066 0362 0909
0.6145466543931066 0298 2833
0.6145466543931066 0478 0718
0.6145466543931066 0177 0382
0.6145466543931066 0118 0416
0.6145466543931066 0397 0408
0.6145466543931066 0190 0443
0.6145466543931066 0382 1983
0.6145466543931066 0174 0458
0.6145466543931066 0458 1264
0.6145466543931066 0458 0526
0.6145466543931066 0078 0382
0.6145466543931066 0422 0501
0.6145466543931066 0118 0174 0474
0.6145466543931066 0152 0382 0723
0.6145466543931066 11652
0.6145466543931066 1186
0.6145466543931066 1291
0.6145466543931066 1437
0.6145466543931066 1509
0.6145466543931066 1554
0.6145466543931066 1613
0.6145466543931066 1785
0.6145466543931066 2345
0.6145466543931066 2714
0.6145466543931066 2903
0.6145466543931066 3113
0.6145466543931066 4454
0.6145466543931066 7902
0.6145466543931066 0137 0225
0.6145466543931066 0027 0418
0.6145466543931066 0136 0190
0.6145466543931066 0190 0211
0.6145466543931066 0066 0211
0.6145466543931066 0397 0573
0.6145466543931066 0190 0642
0.6145466543931066 0190 0453
0.6145466543931066 0116 0122
0.6145466543931066 0382 0488
0.6145466543931066 0382 0761
0.6145466543931066 0122 0442
0.6145466543931066 0298 0501
0.6145466543931066 0177 0618
0.6145466543931066 0138 0238
0.6145466543931066 0066 0745
0.6145466543931066 0245 0458
0.6145466543931066 0122 0245
0.6145466543931066 0397 0524
0.6145466543931066 0397 1835
0.6145466543931066 0177 0723
0.6145466543931066 0576 2096
0.6145466543931066 0190 0225
0.6145466543931066 0122 0149
0.6145466543931066 1201 1832
0.6145466543931066 0147 0225
0.6145466543931066 0526 0723
0.6145466543931066 0118 0721
0.6145466543931066 0152 0617
0.6145466543931066 0137 0298
0.6145466543931066 0458 1050
0.6145466543931066 0118 0501
0.6145466543931066 0149 0276
0.6145466543931066 0122 0298
0.6145466543931066 0177 0421
0.6145466543931066 0149 1153
0.6145466543931066 0190 0914
0.6145466543931066 0152 0752
0.6145466543931066 0298 0442
0.6145466543931066 0149 0164
0.6145466543931066 0258 1218
0.6145466543931066 0066 0453
0.6145466543931066 0298 1983
0.6145466543931066 0093 0149
0.6145466543931066 0100 0424
0.6145466543931066 0245 0995
0.6145466543931066 0500 0987
0.6145466543931066 0066 0118
0.6145466543931066 0174 0194
0.6145466543931066 0397 0893
0.6145466543931066 0009 0118
0.6145466543931066 0118 0435
0.6145466543931066 0656 0723
0.6145466543931066 0382 0762
0.6145466543931066 0225 0656
0.6145466543931066 0382 0537
0.6145466543931066 0118 1201
0.6145466543931066 0382 1044
0.6145466543931066 0298 1789
0.6145466543931066 0382 2065
0.6145466543931066 0118 0576
0.6145466543931066 0407 1259
0.6145466543931066 0188 0382
0.6145466543931066 0083 1832
0.6145466543931066 0045 0382
0.6145466543931066 0382 1500
0.6145466543931066 0422 0458
0.6145466543931066 0122 0190 0397
0.6145466543931066 0225 0407 0526
0.6145466543931066 0458 1263 3277
0.6145466543931066 0083 0298 1832
0.6145466543931066 0265
0.6145466543931066 1177
0.6145466543931066 11807
0.6145466543931066 1199
0.6145466543931066 1733
0.6145466543931066 1753
0.6145466543931066 2897
0.6145466543931066 3077
0.6145466543931066 3370
0.6145466543931066 4274
0.6145466543931066 4574
0.6145466543931066 5142
0.6145466543931066 5897
0.6145466543931066 0118 0134
0.6145466543931066 0098 0298
0.6145466543931066 0021 0382
0.6145466543931066 0162 0382
0.6145466543931066 0045 0474
0.6145466543931066 0422 0523
0.6145466543931066 0397 0483
0.6145466543931066 0029 0190
0.6145466543931066 0190 0416
0.6145466543931066 0195 0397
0.6145466543931066 0397 0442
0.6145466543931066 0190 0723
0.6145466543931066 0149 0987
0.6145466543931066 0137 0190
0.6145466543931066 0138 0298
0.6145466543931066 0045 0174
0.6145466543931066 0152 0458
0.6145466543931066 0137 1025
0.6145466543931066 0190 0524
0.6145466543931066 0245 0495
0.6145466543931066 0298 0474
0.6145466543931066 0066 0330
0.6145466543931066 0149 0673
0.6145466543931066 0164 0190
0.6145466543931066 0118 1881
0.6145466543931066 0066 0174
0.6145466543931066 0397 0728
0.6145466543931066 0122 0479
0.6145466543931066 0090 0934
0.6145466543931066 0122 0338
0.6145466543931066 0174 0479
0.6145466543931066 2105 2106
0.6145466543931066 0298 0942
0.6145466543931066 0190 0573
0.6145466543931066 0190 1572
0.6145466543931066 0298 0745
0.6145466543931066 0177 0458
0.6145466543931066 0190 0909
0.6145466543931066 0149 0889
0.6145466543931066 0007 2433
0.6145466543931066 0045 1789
0.6145466543931066 0298 0642
0.6145466543931066 0066 0284
0.6145466543931066 0177 0987
0.6145466543931066 0078 0118
0.6145466543931066 0340 2702
0.6145466543931066 0332 0418
0.6145466543931066 0122 0211
0.6145466543931066 0500 4110
0.6145466543931066 0394 0447
0.6145466543931066 0122 0723
0.6145466543931066 0093 0479
0.6145466543931066 0382 0443
0.6145466543931066 0045 0118
0.6145466543931066 0382 0881
0.6145466543931066 0118 0180
0.6145466543931066 0180 0474
0.6145466543931066 0096 0745
0.6145466543931066 0194 1573
0.6145466543931066 0474 0610
0.6145466543931066 0610 4179
0.6145466543931066 0846 4179
0.6145466543931066 0832 1050
0.6145466543931066 0458 1650
0.6145466543931066 0458 0832
0.6145466543931066 0122 0509
0.6145466543931066 0149 0492
0.6145466543931066 1183 1923
0.6145466543931066 0664 1835
0.6145466543931066 0526 2478
0.6145466543931066 0190 0457 0571
0.6145466543931066 0066 0400 0858
0.6145466543931066 0118 0435 1044
0.6145466543931066 0463 0474 0610
0.6145466543931066 0463 0474 0846
0.6145466543931066 0463 0610 4179
0.6145466543931066 0463 0846 4179
0.6145466543931066 0474 0610 0846
0.6145466543931066 0474 0610 4179
0.6145466543931066 0474 0846 4179
0.6145466543931066 0610 0846 4179
0.6145466543931066 0382 0458 0723
0.6145466543931066 0190 0397 0457 0571
0.6145466543931066 0463 0474 0610 0846
0.6145466543931066 0463 0474 0610 4179
0.6145466543931066 0463 0474 0846 4179
0.6145466543931066 0463 0610 0846 4179
0.6145466543931066 0474 0610 0846 4179
0.6145466543931066 0463 0474 0610 0846 4179
0.6145466543931066 0345
0.6145466543931066 0531
0.6145466543931066 0546
0.6145466543931066 0753
0.6145466543931066 0936
0.6145466543931066 1415
0.6145466543931066 1443
0.6145466543931066 1548
0.6145466543931066 1605
0.6145466543931066 1875
0.6145466543931066 2016
0.6145466543931066 2492
0.6145466543931066 2586
0.6145466543931066 2716
0.6145466543931066 2914
0.6145466543931066 3179
0.6145466543931066 3199
0.6145466543931066 3220
0.6145466543931066 3354
0.6145466543931066 3435
0.6145466543931066 3449
0.6145466543931066 3496
0.6145466543931066 4365
0.6145466543931066 4382
0.6145466543931066 5188
0.6145466543931066 5206
0.6145466543931066 5386
0.6145466543931066 5441
0.6145466543931066 5870
0.6145466543931066 6223
0.6145466543931066 7826
0.6145466543931066 7984
0.6145466543931066 0056 0096
0.6145466543931066 0187 0190
0.6145466543931066 0330 0331
0.6145466543931066 0284 0338
0.6145466543931066 0416 0418
0.6145466543931066 0190 0433
0.6145466543931066 0225 0501
0.6145466543931066 0525 0526
0.6145466543931066 0443 0533
0.6145466543931066 0205 0382
0.6145466543931066 0211 0559
0.6145466543931066 0162 0397
0.6145466543931066 0093 0416
0.6145466543931066 0149 0211
0.6145466543931066 0752 0755
0.6145466543931066 0474 0844
0.6145466543931066 0083 0152
0.6145466543931066 0382 0873
0.6145466543931066 0245 0491
0.6145466543931066 0095 0973
0.6145466543931066 0137 0205
0.6145466543931066 0444 1112
0.6145466543931066 0100 1172
0.6145466543931066 0152 0205
0.6145466543931066 0827 1211
0.6145466543931066 0011 1263
0.6145466543931066 0152 1022
0.6145466543931066 0442 0458
0.6145466543931066 0045 0458
0.6145466543931066 0122 0138
0.6145466543931066 0138 0752
0.6145466543931066 0138 0149
0.6145466543931066 0138 1119
0.6145466543931066 0190 1810
0.6145466543931066 0350 0415
0.6145466543931066 0397 0526
0.6145466543931066 0027 0152
0.6145466543931066 0149 0407
0.6145466543931066 0162 0225
0.6145466543931066 0397 1823
0.6145466543931066 0245 0397
0.6145466543931066 0190 0400
0.6145466543931066 0174 0487
0.6145466543931066 0045 0152
0.6145466543931066 0190 0728
0.6145466543931066 0122 1083
0.6145466543931066 0177 2073
0.6145466543931066 0382 1810
0.6145466543931066 0245 0554
0.6145466543931066 0190 0353
0.6145466543931066 0397 0488
0.6145466543931066 0450 0559
0.6145466543931066 0488 1832
0.6145466543931066 0415 0458
0.6145466543931066 0382 0676
0.6145466543931066 0458 0474
0.6145466543931066 0045 0149
0.6145466543931066 0122 0180
0.6145466543931066 0149 0723
0.6145466543931066 0180 0723
0.6145466543931066 0118 0601
0.6145466543931066 0298 0490
0.6145466543931066 0034 0397
0.6145466543931066 0066 0827
0.6145466543931066 0382 0501
0.6145466543931066 0397 1345
0.6145466543931066 0382 0563
0.6145466543931066 0118 0563
0.6145466543931066 0284 0617
0.6145466543931066 0118 0867
0.6145466543931066 0177 0500
0.6145466543931066 0138 0276
0.6145466543931066 0085 0138
0.6145466543931066 0418 0723
0.6145466543931066 0418 2745
0.6145466543931066 0298 1976
0.6145466543931066 0122 0525
0.6145466543931066 0137 0319
0.6145466543931066 0093 0096
0.6145466543931066 0190 0626
0.6145466543931066 0122 0205
0.6145466543931066 0149 0362
0.6145466543931066 0708 0752
0.6145466543931066 0149 1508
0.6145466543931066 0298 0500
0.6145466543931066 0174 0755
0.6145466543931066 0149 0752
0.6145466543931066 0190 1022
0.6145466543931066 0096 0479
0.6145466543931066 0479 0626
0.6145466543931066 0122 0594
0.6145466543931066 0149 0338
0.6145466543931066 0338 0385
0.6145466543931066 0338 0479
0.6145466543931066 0118 0397
0.6145466543931066 0346 0397
0.6145466543931066 0458 0956
0.6145466543931066 0418 0458
0.6145466543931066 0284 0418
0.6145466543931066 0330 0525
0.6145466543931066 0418 0447
0.6145466543931066 0066 0500
0.6145466543931066 0066 0909
0.6145466543931066 0177 0490
0.6145466543931066 0755 1611
0.6145466543931066 0190 0601
0.6145466543931066 0479 1201
0.6145466543931066 0093 2156
0.6145466543931066 0458 0563
0.6145466543931066 0458 1261
0.6145466543931066 0245 1201
0.6145466543931066 0495 0723
0.6145466543931066 0027 0397
0.6145466543931066 0407 0453
0.6145466543931066 0190 0474
0.6145466543931066 0183 0382
0.6145466543931066 0164 0453
0.6145466543931066 0942 1119
0.6145466543931066 0338 0543
0.6145466543931066 0298 2373
0.6145466543931066 1832 2373
0.6145466543931066 0397 0969
0.6145466543931066 0118 0559
0.6145466543931066 0083 5417
0.6145466543931066 0495 1201
0.6145466543931066 0225 0376
0.6145466543931066 0382 0880
0.6145466543931066 0118 0407
0.6145466543931066 0152 0225
0.6145466543931066 0526 2096
0.6145466543931066 0122 0225
0.6145466543931066 0149 0474
0.6145466543931066 0045 0563
0.6145466543931066 0298 1125
0.6145466543931066 0118 3922
0.6145466543931066 0407 0797
0.6145466543931066 0139 0576
0.6145466543931066 0398 1573
0.6145466543931066 0446 0565
0.6145466543931066 0098 0382
0.6145466543931066 0382 4049
0.6145466543931066 0190 0260
0.6145466543931066 0298 1650
0.6145466543931066 0382 0715
0.6145466543931066 0382 0432
0.6145466543931066 0382 0568
0.6145466543931066 0298 1183
0.6145466543931066 0174 0422
0.6145466543931066 0078 0723
0.6145466543931066 0190 0405
0.6145466543931066 0164 0723
0.6145466543931066 0382 0587
0.6145466543931066 0204 0479
0.6145466543931066 0096 0576
0.6145466543931066 0118 1048
0.6145466543931066 0766 1650
0.6145466543931066 0397 9034
0.6145466543931066 0479 1044
0.6145466543931066 0458 0903
0.6145466543931066 0891 1650
0.6145466543931066 0618 1263
0.6145466543931066 0903 2478
0.6145466543931066 0618 1597
0.6145466543931066 0458 11807
0.6145466543931066 0382 0422 0523
0.6145466543931066 0382 0422 0526
0.6145466543931066 0190 0397 0416
0.6145466543931066 0225 0526 0691
0.6145466543931066 0083 0422 0723
0.6145466543931066 0225 0407 0442
0.6145466543931066 0382 0407 0442
0.6145466543931066 0190 0397 0442
0.6145466543931066 0298 0488 1832
0.6145466543931066 0098 0118 0543
0.6145466543931066 0284 0298 0617
0.6145466543931066 0098 0118 0225
0.6145466543931066 0284 0298 0500
0.6145466543931066 0382 0525 0723
0.6145466543931066 0543 2848 3647
0.6145466543931066 0298 1832 2373
0.6145466543931066 0382 0723 1259
0.6145466543931066 0190 0376 0479
0.6145466543931066 0225 0407 1259
0.6145466543931066 0446 0447 0565
0.6145466543931066 0382 0407 0526
0.6145466543931066 0382 0526 0691
0.6145466543931066 0174 0190 0397
0.6145466543931066 0190 0397 0745
0.6145466543931066 0225 0382 0656
0.6145466543931066 0397 1044 9034
0.6145466543931066 0298 0415 0832
0.6145466543931066 0415 0832 1050
0.6145466543931066 0526 0903 2478
0.6145466543931066 0225 0382 0407 0656
0.6122397094688354 0904
0.6122397094688354 0100 1175
0.6098580910328124 0623
0.6098580910328124 0543 3647
0.6094065392170602 0414
0.6091098164599078 0681
0.6079200483243197 1754
0.607395679902837 1259
0.6069063634934735 1127
0.6052710401527426 0806
0.6052710401527426 2374
0.6037514817337151 0582
0.6033434100116191 1316
0.6033434100116191 0981
0.6033434100116191 2505
0.6012142394571285 0867
0.5993363046329288 1313
0.5988082548462277 0022
0.5988082548462277 0340 1397
0.5988082548462277 0453 0987
0.5988082548462268 2098
0.5988082548462268 0465
0.5988082548462268 1584
0.5988082548462268 2928
0.5979876867616349 2478
0.5966872964613508 0804
0.5942212039661579 0673
0.5942212039661579 4401
0.594221203966157 1570
0.594221203966157 4114
0.5929085327190391 2624
0.5929085327190391 1249
0.5929085327190391 2109
0.5929085327190391 2158
0.5929085327190391 4343
0.5915089523646158 0691
0.5892388038300762 0418 3530
0.5889441468653143 1047
0.5887579189927257 0656
0.5867356736119582 1166
0.5867356736119582 0117 0908
0.5858529542956417 1978
0.5823867463191545 2093
0.5815876570945573 0418 0626
0.5815507309923051 0149
0.5814857921322187 0250
0.5792955537494819 1901
0.5792955537494819 2015
0.5785310810907691 1263
0.5778720659646286 0860
0.5773182246655595 0337
0.5740184966486384 0050
0.5740184966486384 2235
0.5734904468619373 2303
0.5734904468619373 2073
0.5734904468619373 2832
0.5734904468619373 0330 0987
0.5734904468619373 0369 0418
0.5734904468619373 0451
0.5734904468619373 4226
0.5734904468619373 5811
0.5734904468619373 1093 1397
0.5734904468619373 0340 1093 1397
0.5732583293752405 1201
0.5719273760306831 0846
0.5716202035509221 1358
0.5708873343352687 1727
0.5686601619224447 0066 0447
0.5652336670929055 1809
0.5639029215743521 1264
0.5629686604620536 0483
0.5628520486568815 0116
0.561766983165878 0590
0.5589768032382967 0617
0.558819276915242 0355
0.5574891946974274 2665
0.557231466098822 0850
0.5568396933220185 0820
0.556515106820922 0083
0.5559999911459608 1771
0.5557908697625367 0590 0591
0.5557908697625367 0418 1402
0.5536878195657575 1026
0.551565728563145 0796
0.551565728563145 0796 0797
0.5512038188824668 1367
0.5512038188824668 1901 3606
0.5510175910098791 2220
0.5510175910098791 2781
0.5510175910098791 3559
0.5491473476988631 1610
0.5491473476988631 4944
0.5477011883312644 0268
0.5477011883312644 1146
0.5477011883312644 3880
0.5475149604586766 1496
0.5470128751702306 0731
0.5460914726738233 0117 1975
0.5460267079563508 0559
0.5455695263509788 0601
0.545030959775386 1590
0.544675467414728 0134
0.54447909177639 0085
0.5442608085469991 0929
0.5427187881951836 1211
0.5427187881951836 2294
0.5417873001106788 0749
0.5415388470553348 0393
0.5412286738256471 0828
0.5401539826958821 0830
0.5381736756085331 0507
0.5381069429726208 0626
0.5376508524777632 0153
0.5373854422198212 0514
0.5363102009381824 0914
0.5357501188790903 0573
0.5357501188790899 1957
0.5357501188790899 0330 0418
0.5353807039432237 3584
0.5345307251415203 1029
0.5341937980318048 2096
0.5326684523416825 0369
0.5321977893850898 2353
0.5321977893850898 5698
0.5321977893850898 0447 0453
0.5311650454540557 0435 1044
0.5309308324431417 0921
0.5306191811140826 0009
0.529815383359276 0959
0.5285280604961269 0911
0.5285280604961269 0180 0416
0.528372961620283 0797
0.5253155206651643 0457
0.5252283324792071 2954
0.5252283324792071 3246
0.5252283324792071 0260 0471
0.5252283324792071 0215 1448
0.5252283324792066 1393
0.5252283324792062 1023
0.5252283324792062 5481
0.5252283324792062 2364
0.5252283324792062 4655
0.524700282692506 1637
0.524700282692506 3531
0.524700282692506 4671
0.524700282692506 0116 0330
0.524700282692506 0116 4242
0.5247002826925051 1342
0.5247002826925051 0177 1225
0.5214900103685989 0395
0.5210703223305426 0424
0.5202459323431246 2544
0.5195945147609504 0436
0.5195593905133675 0066 0850
0.5189563754197173 0416
0.5188863128270857 0950
0.5182277681868888 0908
0.5176968284031891 2568
0.5173829059394595 0261
0.516908184829191 0437
0.5154557517488758 1810
0.5151779966257051 0215
0.5151779966257051 1383
0.5148962825958847 0766
0.513450537521738 0713
0.5132312553437406 0543
0.5128658250455027 2057
0.5128658250455027 2631
0.5128658250455027 0479 0889
0.5128658250455027 0541 2478
0.5127797035279889 0649
0.512779703527988 0469
0.512779703527988 0570
0.512779703527988 1765
0.512779703527988 0703
0.512779703527988 0844
0.512779703527988 1346
0.512779703527988 2075
0.512779703527988 0066 0416
0.5113624181578764 1885
0.5100659976563922 0745
0.5097746324758301 1430
0.5097746324758301 4242
0.5094799755110673 0994
0.5091861387352807 1423
0.5075745348409391 0296
0.5067006574516064 0491
0.5065361994670532 0306
0.5058102466221053 1794
0.5058102466221053 4464
0.5058102466221044 0285
0.5056622357591247 0754
0.5048477371366826 0655
0.5044975753749865 0828 0829
0.5044975753749865 2312
0.5044975753749865 2432
0.5044975753749865 5279
0.5044975753749856 1673
0.5041985972242418 0995
0.5041749232813739 1983
0.5032494257604307 0189
0.5032494257604307 2572
0.5012750914567135 1789
0.4999105244949158 2071
0.4999105244949158 2623
0.49980273107077844 0362
0.49967053462666966 1975
0.49947732460831995 0205
0.49911718847552056 0394
0.4984744831403538 1160
0.4978293582910922 0164 0436
0.4967636187367237 0421
0.4967636187367228 0316
0.4967636187367228 0319
0.4953753693295253 5361
0.49508012642858734 0447 0565
0.4934477391884009 2351
0.4934477391884009 0330 0718
0.4934477391884009 0362 0718
0.49318579738883983 0237
0.4931857973888394 0903
0.49307122084467503 1175
0.4929770762318091 0605
0.4913140139691592 0956
0.4907987310168238 0115
0.49045813273748884 0056
0.4903068476759298 2859
0.4903068476759298 3024
0.49030684767592936 2065
0.4902489377155299 0385
0.48886068830833196 0919
0.48886068830833107 0179
0.48886068830833107 1214
0.48886068830833107 1488
0.48868215194892795 2922
0.4885059334977422 0435
0.4881928663500421 0524
0.48676205165141084 0086
0.48647906987230805 4651
0.4859292765710137 1219
0.48533492291310054 3834
0.4844935261449095 0096 0338
0.4844063379589505 1911
0.4843320143945786 1022
0.4835183919867032 0471
0.4820080448612343 1279
0.4820080448612343 5490
0.4817432205394674 1936
0.4816828976088141 0350
0.4816828976088141 1670
0.4816828976088141 2545
0.4811683426851765 0978
0.4810152617685848 0937
0.47980496278461526 0693
0.47980496278461526 2659
0.4787083168443127 0683
0.4783712707827661 0479
0.47778771727771785 0500
0.47747288969584334 0096
0.4767608204033862 1419
0.4755100385017341 2608
0.473406988304955 0824
0.4724989967370927 1044
0.47116111120893045 1003
0.47116111120893045 0973 1216
0.47022008910919233 1533
0.4701521495112133 0164
0.4693646445486088 0715
0.46832794095715435 2711
0.46806991863925784 1467
0.4679431802012317 0089
0.4670939232499767 0490
0.46580491200840557 0889
0.465330190898138 1448
0.465014920422143 1377
0.465014920422143 1537
0.4646037106627716 2809
0.46431957939221347 1049
0.4639895393585567 1898
0.4615914566745434 0195
0.460689811341636 0941
0.460689811341636 3166
0.460689811341636 3768
0.4606898113416351 0020
0.4606898113416351 3437
0.4606898113416351 0429 0430
0.460395974565849 0442
0.45751702485293944 2755
0.45690908850172907 1144
0.45570741120555436 1266
0.45570741120555347 1350
0.45570741120555347 3647
0.45570741120555347 1225
0.45570741120555347 0502
0.45570741120555347 5242
0.4552697438722966 0379
0.4552697438722966 0780
0.4552697438722966 1382
0.45420400431792807 2943
0.4532785067969849 0266
0.4522047806543519 0272
0.4521550817115534 5586
0.4521550817115534 0066 0276
0.4520277248953324 0620
0.45032945106514055 0338
0.4497207799710612 0269
0.4488553536946318 1504
0.44875439955036356 0123
0.44764040135702654 0207
0.4456757007772527 0193
0.44565707535205235 2331
0.4442787153819312 1100
0.4439211373623442 1676
0.4437868320410372 2106
0.4428211149210779 0180
0.44269639746644796 1565
0.44127493311907084 0497 0893
0.44114521526866524 0370
0.4401932672483291 0788
0.43928590267848167 0040
0.4387992905299978 0495
0.43821695548957695 0468
0.43821695548957695 2843
0.43821695548957695 2219
0.437615946234029 0849
0.436674935137761 2834
0.4359971987512634 0064
0.4349610774180279 0818
0.4348298261839991 0721
0.4345752749441063 0011
0.43428483056216294 0858
0.43297916012799753 0677
0.4327369958544516 0660
0.4327369958544516 0416 0745
0.4322250975991526 0433
0.43222509759915173 2105
0.43222509759915173 0011 0286
0.43217691379535994 1227
0.4307147504736841 0566
0.430443416867353 0762
0.42649442289016726 0463
0.4262116872195296 0537
0.4261374298349754 1314
0.42585444805587347 0159 0362
0.4257683265383587 0561
0.4257683265383587 0732
0.4257683265383587 0066 0337
0.42576832653835783 4192
0.42530465475457824 0226
0.42445486770144925 0591
0.4234914176303981 0320
0.4221747617456506 2028
0.4216429882686157 1942
0.4209721542748648 2684
0.42039063995214976 0427
0.4198678168213803 2705
0.4198678168213794 1647
0.4198678168213794 5859
0.4198678168213794 0205 1012
0.4198678168213794 0056 0370
0.41933976703467923 0518
0.41933976703467923 0682
0.41933976703467923 1103
0.41933976703467923 1770
0.41933976703467923 0362 0639
0.41852840796379986 0244
0.41783636014705294 0046
0.4168871886832428 0829
0.41672091106318776 0893
0.4167209110631873 1440
0.4164866980522728 1213
0.41609571566926906 2677
0.4160500770694364 5447
0.4156957956479421 0252
0.4150572939767869 0478
0.4147992951677848 1072
0.4147992951677848 5527
0.41387595893095597 0444
0.41387595893095597 0429
0.41387595893095597 0951
0.41387595893095597 3046
0.41368880088375715 0066 0537
0.41314779678675784 0515
0.41099700921804594 1326
0.41094769915186813 0062
0.4100635257962999 0032
0.40975224174709446 3606
0.40959546729275775 0553
0.40928352835674575 0293
0.40918739557066175 2151
0.40918739557066086 3181
0.40910268017829843 0346
0.4069172470361213 1120
0.4061689724632176 2072
0.40579184053099704 0664
0.40482612341103774 2594
0.40460034469059103 2026
0.4044141168180033 2848 3647
0.4032375607259002 1715
0.4032375607259002 0161 0620
0.40204997350458616 0336
0.4016401899352777 3094
0.4016401899352777 2984
0.4009725540950475 1900
0.40006518952520054 2117
0.40006518952520054 0717 2181
0.40006518952519965 0679
0.40006518952519965 1514
0.39943527477616225 2054
0.398548997365606 4297
0.3983235459234704 0200
0.39499666787160503 5585
0.39499666787160503 0696
0.39499666787160503 3658
0.39499666787160503 4956
0.39499666787160415 3827
0.39491804518634144 0258
0.39307173946202045 0576
0.3914031030788969 0593
0.3914031030788969 1330
0.3911688900679833 2792
0.3911688900679833 0177 2218
0.39116889006798283 0621
0.3911088540325949 0066
0.3849722127486075 1012
0.3841497342193012 2475
0.38175144112158454 0734
0.38064710366809873 1495
0.3801459485542624 0913
0.3798624822076806 1585
0.3781578763288769 2702
0.378157876328876 2768
0.3775426383562177 1043
0.3773082024025838 2120
0.37613563094810853 0238
0.37613563094810853 1529
0.3749970676917873 0162
0.37440544274462306 0661
0.37338459757621933 0872
0.37338459757621933 1594
0.37288760789718767 0568
0.3728197513997866 1110
0.37120039576137787 0718
0.37107765265194814 1630
0.3705690161760553 0260
0.37009911624987746 0415
0.36967885988731464 0980
0.36942419636012236 1181
0.36869603421592423 0362 2331
0.36759769368349016 0650
0.3656673599237008 0619
0.36323222611220096 3004
0.361097753583568 0052
0.3603972314012287 0926
0.35875794571728026 0211
0.3586290237007299 2217
0.3586290237007299 5686
0.3586290237007299 5798
0.3586290237007299 0601 5585
0.35817424781604057 1851
0.3567175450910076 2913
0.3553292956838092 1248
0.3553292956838092 1395
0.3553292956838092 3622
0.35523688084191996 0378
0.3550354589080227 0522
0.3549027120835886 0587
0.35417467335134933 0066 0078
0.3526155898122125 1603
0.35218238992561535 0431
0.35218238992561535 0574
0.35087494533442865 1088
0.3503468955477276 2848
0.3503468955477276 1349
0.3503468955477276 0622
0.3503468955477276 3269
0.3503468955477276 3587
0.3503468955477276 4341
0.3503468955477276 0117 1151
0.3503468955477276 0418 1808
0.3503468955477276 0117 1151 1975
0.3487718951376495 2674
0.34847665223671154 0839
0.3482976243201281 0706
0.34628266779842765 1123
0.34628266779842765 1282
0.3449862472969434 1118
0.343703373484054 1451
0.343703373484054 0915
0.343703373484054 1017
0.34261293890946476 0588
0.3409294466013284 0066 0559
0.33913467453314095 0159
0.3389831368974132 1151
0.338293277764949 0565
0.338293277764949 2108
0.3375598710580743 0227
0.335833251924087 0161
0.3350794234169392 2745
0.33437204605516957 3078
0.3328564398317502 4115
0.33107231803824977 0961
0.3299195801584407 2404
0.3268645819413263 0139
0.32686458194132584 0242
0.32686458194132584 3093
0.32686458194132584 1046
0.326677423894127 5949
0.32455763701705465 0760
0.32455763701705465 2381
0.32455763701705465 1924
0.32353770388945957 1260
0.32244570381391213 0560
0.3221760185810316 0479 0543
0.3207855358649443 0791
0.3197843582643971 0816
0.3176479268364023 1010
0.31703512640189313 2070
0.3160536658371109 5489
0.3155078014971373 2770
0.3144420619427688 0652
0.3144420619427688 2296
0.3129835162107697 0509
0.312265782520174 0155
0.31165423218114796 2100
0.311126182394446 0377
0.3084792400152585 0447
0.30722618066541507 1836
0.30706195464514696 0669
0.3057655341436627 0777
0.3043917260892677 0112
0.3043917260892677 0232
0.3043917260892677 1272
0.3043917260892677 2344
0.30376886714667695 0043
0.30329763759020567 0339
0.3027670303622658 0097
0.3015567313782954 1638
0.30147060986078156 0600 0601
0.3008890955380661 0645
0.3008890955380652 0854
0.3008890955380652 1465
0.3000533244906691 0792
0.2996864880672794 0087
0.29946560775321185 0533
0.2983871566170162 1025
0.29836983218253366 1834
0.29836983218253366 1964
0.29817088184386087 0488 1183
0.29609292327457215 0932
0.29609292327457215 0675
0.29609292327457215 1602
0.29470467386737376 1301
0.29470467386737376 1335
0.29470467386737376 1347
0.29470467386737376 6141
0.29161348129770115 1666
0.28963615221377825 0787
0.28963615221377825 1492
0.28963615221377825 1893
0.2891242539584784 3460
0.28883955441497644 3139
0.28883955441497555 1908
0.2881500697606363 1573
0.2875907465271492 0276
0.2863364241968567 1758
0.286042587421071 1568
0.2858083744101565 2757
0.2843049675225302 0459
0.2843049675225302 0571
0.2840662756623189 1196
0.2840662756623189 0009 1393
0.2840662756623189 1564
0.28010587444622104 0859
0.2791648523464829 5060
0.2783682545476811 1512
0.27807441777189457 0201
0.27807441777189457 1179
0.27807441777189457 1553
0.27807441777189457 2300
0.27807441777189457 7121
0.2780744177718937 1406
0.2766066519234447 0081
0.27436868008298987 1909
0.27436868008298987 3702
0.27391390419830053 0916
0.27391390419830053 0543 0838
0.27338585441159946 0482
0.2731068502625682 0410
0.2714478117031067 1374
0.2698335249175994 0836
0.2698335249175994 5678
0.2697061681013775 0055
0.2697061681013775 0705
0.2697061681013775 1360
0.2697061681013775 1929
0.268108797310755 1940
0.2676757105509955 1057
0.2676572454950037 0837
0.26623996012489126 0168
0.26623996012489126 0052 0166
0.26623996012489126 1457
0.26623996012489126 1989
0.26623996012489126 3993
0.264943539623407 0871
0.264872905913359 1691
0.26314876755521865 0063
0.2617252797703644 0583
0.26146527524708185 0017
0.26061519640012554 0594
0.25787171045437507 0145
0.2568463293907879 0078
0.2568463293907879 0136
0.2555647655301039 0747
0.25523472549644577 0496 1836
0.25454392036170015 0532
0.25391806961169916 0579
0.25391806961169916 2433
0.25391806961169916 2547
0.25391806961169916 3921
0.25391806961169916 5344
0.2538067808992057 0315
0.24839319367972923 0564
0.24682187426778945 0236
0.24682187426778945 1066
0.24682187426778945 1147
0.24682187426778945 1180
0.24682187426778945 1596
0.24682187426778945 1728
0.24682187426778945 2193
0.24682187426778945 0139 0442
0.24493597329587224 1572
0.24187136910793328 1064
0.24084598804434698 0790
0.2408459880443461 0509 5601
0.2398532049516966 0126
0.2398532049516966 1508
0.2398532049516966 0194 0338
0.2375462600274254 0541
0.2375462600274254 1071
0.2375462600274254 4180
0.2375462600274254 2925
0.2375462600274254 2202
0.2375462600274254 0347
0.2375462600274254 1639
0.2375462600274254 4125
0.2375462600274254 2173
0.2375462600274254 0411
0.2375462600274254 0486
0.2375462600274254 1474
0.2375462600274254 3736
0.23505703268820355 0408
0.23427179511350138 0286
0.23155440213700107 1629
0.23155440213700107 2189
0.22888417358112267 0357
0.22888417358112267 0714
0.22864996057020814 0257
0.228067516072882 0034
0.22777367929709502 0127
0.22576846506995762 0443
0.22518375259372192 1674
0.22518375259372192 3867
0.22518375259372192 1151 1975
0.22509763107620717 2113
0.22509763107620717 4022
0.22509763107620717 0276 0286
0.22508188763138381 4110
0.22172494659756836 0770
0.22150406628349995 1389
0.22101695807621535 0499
0.22064328072682748 2041
0.22064328072682748 0564 5060
0.2206432807268266 0782
0.21910600140794045 0037
0.21454535438866618 0539
0.21285364743705326 1167
0.21285364743705326 3017
0.21267511107765014 0555
0.21157077362416477 1232
0.21077757730145885 0204
0.2105849531725683 0045 0436
0.2105849531725683 0377 0378
0.2094105549166283 0479 0544
0.2090815462849429 0151
0.2090815462849429 0580
0.2090815462849429 1006
0.2090815462849429 1687
0.20908154628494202 0024
0.20908154628494202 0599
0.20908154628494202 1042
0.2071487828430545 0191
0.20575466823307575 1262
0.20475643720443415 4109
0.20311665856504302 2101
0.20245494021615595 1919
0.20011287630218266 0594 1525
0.19980593204457797 2181
0.19980593204457797 0406
0.19980593204457797 1148
0.19980593204457797 1796
0.1968114536931287 0065
0.19528336836578086 1048
0.19469358583593444 0625
0.19432597240945348 2870
0.19432597240945348 0037 0554
0.1933431467380622 0805
0.19187198344788747 0602
0.1896634604278411 0229
0.1896634604278411 0230
0.1896634604278411 0352
0.1884622590822067 1096
0.18735730309335974 1375
0.18735730309335974 2200
0.18735730309335974 0770 2041
0.18710263956616746 0166
0.18710263956616746 0295
0.18710263956616746 1121
0.18710263956616746 1289
0.18710263956616746 1699
0.18710263956616746 2114
0.18625296563987437 1094
0.18462385857308306 0039
0.18427563655595236 0172
0.18347903875714966 1293
0.18347903875714966 4121
0.18168257209682803 0430
0.1814225675735459 0881
0.18142256757354502 2195
0.1809106693182465 0340
0.17922858313526202 0597
0.17922858313526202 1994
0.17922858313526202 2359
0.17922858313526202 0011 0194
0.1751799946092607 2570
0.17399022647367257 0186
0.17271390211406779 1806
0.17271390211406779 2436
0.17185311655739532 0786
0.17061526545714667 0653
0.1694084548602075 0051
0.16825955176468765 0368
0.1682595517646872 0398
0.16802533875377357 0527
0.16802533875377357 0756
0.16802533875377357 3051
0.16802533875377268 1950
0.16802533875377268 3937
0.1665219318661464 0094
0.1655382556987206 0563
0.16256153065004986 0090
0.15865231755776232 0832
0.1586078898073744 0957
0.1586078898073744 3651
0.1586078898073744 1889 5601
0.1586078898073744 0509 1889 5601
0.15501432501466716 0934
0.1544313533169186 1261
0.15298887199936306 1880
0.14987420983861988 0509 1889
0.1482227114575938 0726
0.14513282168466946 0194
0.14454302514737183 5476
0.14454302514737094 2737
0.14223608022310064 0056 0832
0.14223608022310064 0355 1789
0.1396530398531799 1525
0.13808625408657704 1821
0.13801666468039242 0748
0.13762258230279745 1318
0.13762258230279745 2434
0.137253680087019 1620
0.13630213229307664 2037
0.13442001751592336 1835
0.1335739937767979 0538
0.13293401894250323 1191
0.13218574436959862 1204
0.13030411364452288 0776
0.12903883861140653 1616
0.12754536481309753 0496
0.12720334423351787 1192
0.12720334423351787 1808
0.12207016929531278 2274
0.11976322437104159 2638
0.11922521716308143 0073
0.11489433122524195 0194 0934
0.11395811748349693 1068
0.11377136648061725 0840
0.10731459541982424 0498
0.10731459541982424 0504
0.10731459541982424 4158
0.10372103062711613 0283
0.10372103062711613 0307
0.10372103062711613 1858
0.10372103062711613 0905
0.10372103062711613 2209
0.10372103062711613 0354 2570
0.10075719487366497 1102
0.09673248608928686 0554
0.09575286097793967 2393
0.09444541638675208 0985
0.09339714728548065 0027
0.08991026122136159 0351
0.08845355849632774 0725
0.08845355849632774 1040
0.08826640044912892 0815
0.08496667243220823 0021
0.08391840333093725 1973
0.08391840333093725 4204
0.08391840333093725 0340 1093
0.08391840333093636 0203
0.08339558020016735 1008
0.08339558020016735 2049
0.08101396176414344 0842
0.0804641684628491 0697
0.0804641684628491 0998
0.07962347904805611 0596
0.07832705854657185 1019
0.07654293675306967 1507
0.07627811243130278 0728
0.07452477259683299 1073
0.0722232756085539 5601
0.07049217536425978 0870
0.07049217536425978 1143
0.07049217536425978 2666
0.06981947895143481 0694
0.06800294802503704 1521
0.06800294802503704 2216
0.06800294802503704 2528
0.06800294802503704 1616 1617
0.06649260089956854 0012
0.06649260089956854 0446 0447
0.06266482309594679 1067
0.060061710569278226 0487
0.058524431250392084 2043
0.05493086645768397 1141
0.05493086645768397 0354
0.05324737414954761 0680
0.05223907479197276 0404
0.051452602081360155 0467
0.047351130652266704 0092
0.04019196724388863 3082
0.03918250948954505 0033
0.03918250948954505 0945
0.03918250948954505 1075
0.03918250948954505 0201 0512
0.03832172393287259 1959
0.03832172393287259 0361
0.036362859447539364 0640
0.03320662326610169 0446
0.02727188774628697 0367
0.02727188774628697 0938
0.02727188774628697 0817
0.02727188774628697 0258 0403
0.026759989490987124 0348
0.024924495113099354 0503
0.022757207391761014 0874
0.02137216561909927 0603
0.019839546646414075 1744
0.017702436730136384 4136
0.016709653637486888 1935
0.014402708713215695 0104
0.014402708713215695 2218
0.014402708713215695 2749
0.014402708713215695 3154
0.013982655627605034 0892
0.00841085082279136 1093
0.005744645970101381 1101
0.00553190110988222 1837
0.0041303591845931464 0489
0.0009712540906070544 0813
3.360751464409617e-05 0544
-0.0018736980416242943 0944
-0.002227547382263495 0600
-0.007095755757920763 1069
-0.014296218040182218 0218
-0.02144211232688953 0239
-0.02144211232688953 5087
-0.02481800444006499 2239
-0.025490700852889958 0450
-0.02621679720469894 0690
-0.027307231779287733 1089
-0.04116714244159425 2042
-0.04223288199596276 1381
-0.04453610322990009 1824
-0.04526410589924623 0029
-0.0468360844074347 2329
-0.0468360844074347 3784
-0.049612989293585485 0639
-0.050135812424355386 2112
-0.05990839315468577 0381
-0.06255833242291242 0955
-0.06255833242291242 1033
-0.06285216919869896 0969
-0.0668142523236277 1185
-0.06857607104384034 4070
-0.07313671806311461 2403
-0.07500696137413065 2313
-0.07500696137413154 1992
-0.07860052616683788 0636
-0.07860052616683788 1337
-0.07860052616683788 1822
-0.07860052616683877 0324
-0.0933561000423273 0733
-0.09747981722618881 0647
-0.10329313875721002 1155
-0.1053984910994048 0746
-0.10907834805780503 0767
-0.10974990981800392 2260
-0.11139034898982914 1090
-0.11582895589438547 1856
-0.11582895589438547 3315
-0.11942252068709358 0717
-0.11942252068709358 1574
-0.1211601405856344 2524
-0.1213988324458457 3221
-0.12305228873767149 0634
-0.12305228873767149 1366
-0.12535923366194268 0610
-0.12535923366194357 0164 0288
-0.1258534110173839 0140
-0.12739069033627004 1615
-0.12739069033627004 2045
-0.12739069033627093 1617
-0.13017852009789177 0619 0832
-0.13121748123031018 0247
-0.13266774743711363 2304
-0.1326677474371145 0979
-0.13780786261316091 4172
-0.13922514798327335 0834
-0.14214626421175947 0851
-0.1438212965016783 1136
-0.15270849832056044 0635
-0.15864323384037426 0802
-0.16047872821826292 4542
-0.16094939117485563 3504
-0.165611903156468 0380
-0.16668737312787663 1889
-0.1679188480807392 0164 0288 0436
-0.18036747703195743 0403
-0.18779981813183078 0304
-0.18982616127706198 0405
-0.18993692804810802 0736
-0.1996994413715445 0464
-0.20098676423469275 0873
-0.2028403328840156 0167
-0.20376366912084443 2234
-0.20643389767672282 1310
-0.20643389767672282 2542
-0.21113913569871112 5327
-0.21622190404288588 0676
-0.21647207349772968 0325
-0.21647248167407263 1815
-0.2211894715522118 0400
-0.2217013698075121 1614
-0.22645197256610938 0183
-0.23275120599409682 0321
-0.23275120599409682 4742
-0.241119455664613 0729
-0.2436623274042704 0880
-0.24767685621077273 0720
-0.2529539133116163 0365
-0.25386127788146373 0488
-0.25449119263050246 1018
-0.2593106793720761 2068
-0.26243243008626127 0251
-0.2732793637385651 0838
-0.27360940377222276 0108
-0.27380741352526616 3523
-0.2803968315074288 0191 0767
-0.28339493881285094 0449
-0.28419976783013823 0353
-0.29308199103474486 1671
-0.29308199103474486 2394
-0.29815051268834036 0497
-0.29815051268834125 0687
-0.3017440774810476 0342
-0.3017440774810476 2414
-0.32372298419982304 5660
-0.3345181568592155 0259
-0.3366167935161366 0880 0881
-0.34096479063432916 0947
-0.3502404048746941 2074
-0.352217733958617 0542
-0.3530373718685986 0002
-0.3573139286358584 0670
-0.35818538838599956 0312
-0.35877513450477583 0512
-0.36268903382591144 0520
-0.36628259861861956 0878
-0.3696094766704858 1645
-0.37517154603586533 0547
-0.3828119005698296 0982
-0.3866080490455692 0288 0436
-0.39497629871608453 2238
-0.39705425728537325 0235
-0.40681075636308783 0875
-0.4150727627880517 1625
-0.42690722043505414 0402
-0.4363008511691575 0412
-0.43922911094824535 0460
-0.44632530629215594 1153
-0.4725038998331188 0807
-0.4732547181707867 0996
-0.48029353312289125 0192
-0.48047206948229526 0814
-0.48406563427500293 0035
-0.5114646084631174 0409
-0.5139185974246834 1506
-0.5201394416700911 0946
-0.5229810505246761 0030
-0.5486041554125745 0120
-0.5817041038389186 0158
-0.5818946458568126 0273
-0.5907225704343131 0066 0400
-0.5957353191260935 0188
-0.6018486699313863 0135
-0.6092287772290081 0604
-0.6283152431195496 0282
-0.6517905529319181 0280
-0.6694688576063657 0042
-0.6849234877843529 0549
-0.7291880923079876 0072
-0.7418947435771024 0121
-0.7764362700870775 0686
-0.8307812383109763 0233
-0.8426994426990673 1051
-0.8775953305918947 0879
-0.9078798810513637 0005
-0.9258983865540422 0206
-0.9894274499372697 0470
-1.007313778039551 0301
-1.0480010833549418 0550
-1.0886441770227604 1076
-1.0902518944108568 0308
-1.1702543063134287 0288
-1.2800702002746562 0651
-1.2993209595718396 0156
-1.3869333458170172 0001
-1.5349131398372675 0472
-1.6433025447595475 1163