0.48330233795333655 0067 0627
0.48330233795333655 0060 0481
0.48330233795333655 2099
0.48330233795333655 0067 0088
0.48330233795333655 0060 0627
0.48330233795333655 0067 0418
0.48330233795333655 0060 0573
0.48330233795333655 0060 0543
0.48330233795333655 0323 0479
0.48330233795333655 0067 0481
0.48330233795333655 0067 0628
0.48330233795333655 0036 0088
0.48330233795333655 0018 0067
0.48330233795333655 0000 0060
0.48330233795333655 0067 0362
0.48330233795333655 0060 0439
0.48330233795333655 0060 0339
0.48330233795333655 0067 0136
0.48330233795333655 0060 0164
0.48330233795333655 0088 0944
0.48330233795333655 0060 0591
0.48330233795333655 0060 0626
0.48330233795333655 0067 1764
0.48330233795333655 0067 0453
0.48330233795333655 0018 0481
0.48330233795333655 0067 0625
0.48330233795333655 0060 1824
0.48330233795333655 0060 1261
0.48330233795333655 0018 0060 0479
0.48330233795333655 2396
0.48330233795333655 0060 0083
0.48330233795333655 0060 0827
0.48330233795333655 0060 0625
0.48330233795333655 0060 0946
0.48330233795333655 0060 0325
0.48330233795333655 0060 0590
0.48330233795333655 0060 0299
0.48330233795333655 0067 1025
0.48330233795333655 0439 0479
0.48330233795333655 0067 0244
0.48330233795333655 0067 0718
0.48330233795333655 0067 0755
0.48330233795333655 0018 0036
0.48330233795333655 0060 0488
0.48330233795333655 0060 0829
0.48330233795333655 0067 0838
0.48330233795333655 0060 0987
0.48330233795333655 0035 0067
0.48330233795333655 0067 0621
0.48330233795333655 0060 0929
0.48330233795333655 0060 0136
0.48330233795333655 0067 0590
0.48330233795333655 0060 2677
0.48330233795333655 0067 3598
0.48330233795333655 0060 0721
0.48330233795333655 0060 2160
0.48330233795333655 0060 1975
0.48330233795333655 0018 0323 0439
0.48330233795333655 0018 0323 0479
0.48330233795333655 0088 0944 3644
0.48330233795333655 0060 0164 0436
0.48330233795333655 0027 0060
0.48330233795333655 0088 0628
0.48330233795333655 0036 0416
0.48330233795333655 0039 0060
0.48330233795333655 0045 0067
0.48330233795333655 0088 0481
0.48330233795333655 0060 0677
0.48330233795333655 0032 0067
0.48330233795333655 0060 0628
0.48330233795333655 0067 0177
0.48330233795333655 0060 1908
0.48330233795333655 0067 0626
0.48330233795333655 0060 0499
0.48330233795333655 0060 0117
0.48330233795333655 0067 1026
0.48330233795333655 0067 0237
0.48330233795333655 0060 1029
0.48330233795333655 0323 0544
0.48330233795333655 0060 0544
0.48330233795333655 0011 0060
0.48330233795333655 0088 0323
0.48330233795333655 0067 0656
0.48330233795333655 0060 2042
0.48330233795333655 0067 0272
0.48330233795333655 0060 4126
0.48330233795333655 0036 0088 0628
0.48330233795333655 2842
0.48330233795333655 3877
0.48330233795333655 4393
0.48330233795333655 0067 0257
0.48330233795333655 0067 0258
0.48330233795333655 0067 0348
0.48330233795333655 0067 0478
0.48330233795333655 0060 0337
0.48330233795333655 0036 0627
0.48330233795333655 0088 0418
0.48330233795333655 0060 0469
0.48330233795333655 0628 1026
0.48330233795333655 0060 0244
0.48330233795333655 0060 0183
0.48330233795333655 0627 1022
0.48330233795333655 0439 0544
0.48330233795333655 0000 0088
0.48330233795333655 0060 0527
0.48330233795333655 0479 0524
0.48330233795333655 0060 2403
0.48330233795333655 0067 0909
0.48330233795333655 0060 0532
0.48330233795333655 0060 0518
0.48330233795333655 0067 0174
0.48330233795333655 0067 2394
0.48330233795333655 0060 0478
0.48330233795333655 0045 0088
0.48330233795333655 0060 2331
0.48330233795333655 0067 0293
0.48330233795333655 0060 0706
0.48330233795333655 0060 0718
0.48330233795333655 0067 0115
0.48330233795333655 0067 0946
0.48330233795333655 0067 0416
0.48330233795333655 0323 0418
0.48330233795333655 0177 0323
0.48330233795333655 0060 0766
0.48330233795333655 0060 0500
0.48330233795333655 0060 1083
0.48330233795333655 0067 0544
0.48330233795333655 0323 1261
0.48330233795333655 0439 1110
0.48330233795333655 0060 1585
0.48330233795333655 0036 0481
0.48330233795333655 0067 0716
0.48330233795333655 0067 0134
0.48330233795333655 0060 0067 2160
0.48330233795333655 2161
0.48330233795333655 2369
0.48330233795333655 2712
0.48330233795333655 0060 0379
0.48330233795333655 0060 0699
0.48330233795333655 0060 0435
0.48330233795333655 0088 0136
0.48330233795333655 0060 1070
0.48330233795333655 0067 0604
0.48330233795333655 0060 1219
0.48330233795333655 0057 0060
0.48330233795333655 0067 0450
0.48330233795333655 0032 0060
0.48330233795333655 0060 0162
0.48330233795333655 0067 0427
0.48330233795333655 0060 0286
0.48330233795333655 0060 0089
0.48330233795333655 0067 0196
0.48330233795333655 0323 0543
0.48330233795333655 0067 1151
0.48330233795333655 0067 0393
0.48330233795333655 0060 1191
0.48330233795333655 0067 0566
0.48330233795333655 0060 0756
0.48330233795333655 0060 1259
0.48330233795333655 0060 1183
0.48330233795333655 0060 1010
0.48330233795333655 0060 1983
0.48330233795333655 0060 3530
0.48330233795333655 0067 1496
0.48330233795333655 0060 0340
0.48330233795333655 0067 2042
0.48330233795333655 0060 1940
0.48330233795333655 0088 0748
0.48330233795333655 0060 0196
0.48330233795333655 0018 1261
0.48330233795333655 0088 0299
0.48330233795333655 0060 0378
0.48330233795333655 0067 0518
0.48330233795333655 0060 0804
0.48330233795333655 0060 0590 0591
0.48330233795333655 0060 0479 0544
0.48330233795333655 0060 0067 0627
0.48330233795333655 1343
0.48330233795333655 1413
0.48330233795333655 0060 0237
0.48330233795333655 0060 0464
0.48330233795333655 0088 0625
0.48330233795333655 0060 0490
0.48330233795333655 0060 0370
0.48330233795333655 0060 0824
0.48330233795333655 0060 0655
0.48330233795333655 0067 0205
0.48330233795333655 0088 0745
0.48330233795333655 0060 1136
0.48330233795333655 0067 0985
0.48330233795333655 0067 0678
0.48330233795333655 0060 0747
0.48330233795333655 0067 0842
0.48330233795333655 0037 0067
0.48330233795333655 0060 0293
0.48330233795333655 0067 0457
0.48330233795333655 0060 0678
0.48330233795333655 0060 0167
0.48330233795333655 0325 0479
0.48330233795333655 0067 0537
0.48330233795333655 0067 1100
0.48330233795333655 0067 0342
0.48330233795333655 0060 2369
0.48330233795333655 0036 0323
0.48330233795333655 0060 0600
0.48330233795333655 0060 0767
0.48330233795333655 0067 2712
0.48330233795333655 0060 0996
0.48330233795333655 0088 0543
0.48330233795333655 0067 3082
0.48330233795333655 0060 0085
0.48330233795333655 0439 0543
0.48330233795333655 0323 0376
0.48330233795333655 0088 1261
0.48330233795333655 0060 0159
0.48330233795333655 0060 3051
0.48330233795333655 0060 1620
0.48330233795333655 0018 4126
0.48330233795333655 0067 1029
0.48330233795333655 0067 2848
0.48330233795333655 0060 1836
0.48330233795333655 0060 0496
0.48330233795333655 0018 0573
0.48330233795333655 0067 1227
0.48330233795333655 0060 0950
0.48330233795333655 0067 0503
0.48330233795333655 0067 0332
0.48330233795333655 0060 0502
0.48330233795333655 0067 1512
0.48330233795333655 0067 4542
0.48330233795333655 0060 2544
0.48330233795333655 0060 0691
0.48330233795333655 0439 0755
0.48330233795333655 0067 5408
0.48330233795333655 0011 0067
0.48330233795333655 0018 0272
0.48330233795333655 0439 1261
0.48330233795333655 0060 0067 1129
0.48330233795333655 0060 0067 0136
0.48330233795333655 0439 0479 0544
0.48330233795333655 0018 0439 0479
0.48330233795333655 0060 0067 0479
0.48330233795333655 0018 0067 0479
0.48330233795333655 0018 0164 0436
0.48330233795333655 0060 0067 0418
0.48330233795333655 0060 0479 0573
0.48330233795333655 0067 0479 0544
0.48330233795333655 0018 0323 0439 0479
0.48330233795333655 0835
0.48330233795333655 0971
0.48330233795333655 2747
0.48330233795333655 3145
0.48330233795333655 3182
0.48330233795333655 3791
0.48330233795333655 4036
0.48330233795333655 5917
0.48330233795333655 0060 0062
0.48330233795333655 0060 0327
0.48330233795333655 0060 0328
0.48330233795333655 0060 0515
0.48330233795333655 0000 0481
0.48330233795333655 0625 0628
0.48330233795333655 0060 0813
0.48330233795333655 0036 0488
0.48330233795333655 0067 1041
0.48330233795333655 0060 1067
0.48330233795333655 0088 1316
0.48330233795333655 0060 0547
0.48330233795333655 0088 0237
0.48330233795333655 0067 0527
0.48330233795333655 0067 1213
0.48330233795333655 0067 0913
0.48330233795333655 0067 0370
0.48330233795333655 0060 0205
0.48330233795333655 0060 0828
0.48330233795333655 0060 0604
0.48330233795333655 0060 1227
0.48330233795333655 0067 0340
0.48330233795333655 0060 0218
0.48330233795333655 0060 0426
0.48330233795333655 0088 0325
0.48330233795333655 0060 0676
0.48330233795333655 0088 0676
0.48330233795333655 0060 0797
0.48330233795333655 0018 0524
0.48330233795333655 0067 1381
0.48330233795333655 0067 0600
0.48330233795333655 0721 1261
0.48330233795333655 0067 0379
0.48330233795333655 0067 0959
0.48330233795333655 0060 1512
0.48330233795333655 0060 1397
0.48330233795333655 0088 0362
0.48330233795333655 0060 0342
0.48330233795333655 0043 0060
0.48330233795333655 0088 1129
0.48330233795333655 0327 1129
0.48330233795333655 0328 1129
0.48330233795333655 0060 2303
0.48330233795333655 0067 0227
0.48330233795333655 0627 2396
0.48330233795333655 0067 1662
0.48330233795333655 0060 1101
0.48330233795333655 0018 0967
0.48330233795333655 0479 4126
0.48330233795333655 0067 2868
0.48330233795333655 1261 2099
0.48330233795333655 0946 1211
0.48330233795333655 0067 0447
0.48330233795333655 0088 0330
0.48330233795333655 0067 2745
0.48330233795333655 0060 0491
0.48330233795333655 0060 1349
0.48330233795333655 0067 1120
0.48330233795333655 0060 4242
0.48330233795333655 0060 1808
0.48330233795333655 0060 0566
0.48330233795333655 0060 4393
0.48330233795333655 0067 0369
0.48330233795333655 0067 0357
0.48330233795333655 0060 0269
0.48330233795333655 0018 0838
0.48330233795333655 0060 1789
0.48330233795333655 0323 0627
0.48330233795333655 0067 0950
0.48330233795333655 0323 0946
0.48330233795333655 0067 0539
0.48330233795333655 0067 0686
0.48330233795333655 0060 0541
0.48330233795333655 0088 3094
0.48330233795333655 0060 0377
0.48330233795333655 0067 0514
0.48330233795333655 0244 0627
0.48330233795333655 0060 1012
0.48330233795333655 0067 0104
0.48330233795333655 0067 0829
0.48330233795333655 0088 0661
0.48330233795333655 0088 0177
0.48330233795333655 0067 0893
0.48330233795333655 0060 0327 0328
0.48330233795333655 0018 0060 0323
0.48330233795333655 0036 0060 0479
0.48330233795333655 0011 0060 0286
0.48330233795333655 0327 0328 1129
0.48330233795333655 0060 0067 0628
0.48330233795333655 0060 0117 1975
0.48330233795333655 0060 0479 0543
0.48330233795333655 0060 0088 0686
0.48330233795333655 0060 0377 0378
0.48330233795333655 0036 0060 0628
0.48330233795333655 0323 0439 0479 0544
0.48330233795333655 0333
0.48330233795333655 0931
0.48330233795333655 1187
0.48330233795333655 1212
0.48330233795333655 1895
0.48330233795333655 2649
0.48330233795333655 3502
0.48330233795333655 4032
0.48330233795333655 4432
0.48330233795333655 6031
0.48330233795333655 0060 0380
0.48330233795333655 0060 0492
0.48330233795333655 0088 0211
0.48330233795333655 0060 0842
0.48330233795333655 0018 0621
0.48330233795333655 0060 0971
0.48330233795333655 0244 0543
0.48330233795333655 0067 0443
0.48330233795333655 0036 1022
0.48330233795333655 0060 1372
0.48330233795333655 0088 0594
0.48330233795333655 0067 0085
0.48330233795333655 0036 0524
0.48330233795333655 0060 1486
0.48330233795333655 0067 0524
0.48330233795333655 0416 0627
0.48330233795333655 0060 0623
0.48330233795333655 0088 1068
0.48330233795333655 0067 1950
0.48330233795333655 0067 0767
0.48330233795333655 0067 0571
0.48330233795333655 0018 1029
0.48330233795333655 0088 0544
0.48330233795333655 0439 0621
0.48330233795333655 0067 0350
0.48330233795333655 0060 0431
0.48330233795333655 0027 0067
0.48330233795333655 0018 1908
0.48330233795333655 0325 2160
0.48330233795333655 0042 0060
0.48330233795333655 0067 2303
0.48330233795333655 0088 0500
0.48330233795333655 0060 0482
0.48330233795333655 0060 0835
0.48330233795333655 0088 1051
0.48330233795333655 0067 1010
0.48330233795333655 0060 2624
0.48330233795333655 0060 0258
0.48330233795333655 0060 2671
0.48330233795333655 0088 1185
0.48330233795333655 0060 1057
0.48330233795333655 0060 1794
0.48330233795333655 0060 0310
0.48330233795333655 0067 0797
0.48330233795333655 0060 0859
0.48330233795333655 0060 1518
0.48330233795333655 0060 0805
0.48330233795333655 0067 0944
0.48330233795333655 0088 0987
0.48330233795333655 0436 0439
0.48330233795333655 0067 3380
0.48330233795333655 0088 1160
0.48330233795333655 0064 0067
0.48330233795333655 0060 2848
0.48330233795333655 0060 3598
0.48330233795333655 0627 2160
0.48330233795333655 0628 3598
0.48330233795333655 0060 0495
0.48330233795333655 0116 2160
0.48330233795333655 0060 0501
0.48330233795333655 0060 0336
0.48330233795333655 0088 3877
0.48330233795333655 0439 0499
0.48330233795333655 0040 0067
0.48330233795333655 0060 0851
0.48330233795333655 0418 0748
0.48330233795333655 0067 0760
0.48330233795333655 0060 1546
0.48330233795333655 0323 2745
0.48330233795333655 0067 1219
0.48330233795333655 0060 3082
0.48330233795333655 0060 4315
0.48330233795333655 0067 3094
0.48330233795333655 0060 0903
0.48330233795333655 0088 0089
0.48330233795333655 0060 4297
0.48330233795333655 0323 0748
0.48330233795333655 0060 0334
0.48330233795333655 0060 1192
0.48330233795333655 0067 0501
0.48330233795333655 0060 0180
0.48330233795333655 0060 2099
0.48330233795333655 0323 1043
0.48330233795333655 0060 0424
0.48330233795333655 0439 0946
0.48330233795333655 0060 3181
0.48330233795333655 0067 3181
0.48330233795333655 0060 0893
0.48330233795333655 0018 0244
0.48330233795333655 0067 3647
0.48330233795333655 0244 0479
0.48330233795333655 0436 0479
0.48330233795333655 0479 0627
0.48330233795333655 0036 1261
0.48330233795333655 0543 0627
0.48330233795333655 0060 1110
0.48330233795333655 0060 0921
0.48330233795333655 0067 1983
0.48330233795333655 0272 0479
0.48330233795333655 0067 0903
0.48330233795333655 0060 2246
0.48330233795333655 0088 0829
0.48330233795333655 0067 0336
0.48330233795333655 0018 0755
0.48330233795333655 0067 1242
0.48330233795333655 0060 0601
0.48330233795333655 0067 1049
0.48330233795333655 0005 0088
0.48330233795333655 0067 0661
0.48330233795333655 0479 0625
0.48330233795333655 0021 0088
0.48330233795333655 0067 1259
0.48330233795333655 0067 0691
0.48330233795333655 0088 1983
0.48330233795333655 0481 0544
0.48330233795333655 0088 0627 0628
0.48330233795333655 0067 0362 0627
0.48330233795333655 0060 0067 0470
0.48330233795333655 0060 0470 1129
0.48330233795333655 0067 0191 0767
0.48330233795333655 0045 0067 0436
0.48330233795333655 0060 0828 0829
0.48330233795333655 0060 0067 0325
0.48330233795333655 0060 0067 1025
0.48330233795333655 0018 0479 0524
0.48330233795333655 0060 0067 1043
0.48330233795333655 0060 0362 2331
0.48330233795333655 0060 0299 1129
0.48330233795333655 0060 0748 1120
0.48330233795333655 0060 0756 1129
0.48330233795333655 0088 2099 3877
0.48330233795333655 0000 0067 0439
0.48330233795333655 0018 0060 0164
0.48330233795333655 0018 0060 0436
0.48330233795333655 0060 0418 0748
0.48330233795333655 0060 1151 1975
0.48330233795333655 0018 0479 0481
0.48330233795333655 0060 0067 0453
0.48330233795333655 0060 0362 0627
0.48330233795333655 0060 0067 0362
0.48330233795333655 0067 0418 0626
0.48330233795333655 0060 0323 0418
0.48330233795333655 0060 0067 0177
0.48330233795333655 0018 0479 0573
0.48330233795333655 0018 0060 0067
0.48330233795333655 0060 0067 0470 1129
0.48330233795333655 0018 0060 0164 0436
0.48330233795333655 0080
0.48330233795333655 0898
0.48330233795333655 1969
0.48330233795333655 2324
0.48330233795333655 2507
0.48330233795333655 2599
0.48330233795333655 3129
0.48330233795333655 3623
0.48330233795333655 4015
0.48330233795333655 4051
0.48330233795333655 4100
0.48330233795333655 4112
0.48330233795333655 4197
0.48330233795333655 4261
0.48330233795333655 4312
0.48330233795333655 4362
0.48330233795333655 4452
0.48330233795333655 4481
0.48330233795333655 4749
0.48330233795333655 4973
0.48330233795333655 6015
0.48330233795333655 8071
0.48330233795333655 0035 0036
0.48330233795333655 0067 0068
0.48330233795333655 0018 0337
0.48330233795333655 0067 0545
0.48330233795333655 0088 0677
0.48330233795333655 0378 0587
0.48330233795333655 0177 0813
0.48330233795333655 0060 0908
0.48330233795333655 0067 0655
0.48330233795333655 0060 0666
0.48330233795333655 0088 1025
0.48330233795333655 0067 0337
0.48330233795333655 0060 0642
0.48330233795333655 0060 1342
0.48330233795333655 0088 0527
0.48330233795333655 0036 1070
0.48330233795333655 0627 1025
0.48330233795333655 0067 0693
0.48330233795333655 0060 1673
0.48330233795333655 0000 0418
0.48330233795333655 0000 0726
0.48330233795333655 0418 0726
0.48330233795333655 0323 0481
0.48330233795333655 0060 1997
0.48330233795333655 0067 1532
0.48330233795333655 0060 0434
0.48330233795333655 0067 0573
0.48330233795333655 0439 0481
0.48330233795333655 0060 1957
0.48330233795333655 0067 2161
0.48330233795333655 0046 0060
0.48330233795333655 0036 0427
0.48330233795333655 0060 2332
0.48330233795333655 0067 0426
0.48330233795333655 0067 0187
0.48330233795333655 0060 1810
0.48330233795333655 0060 0985
0.48330233795333655 0115 1151
0.48330233795333655 0323 0436
0.48330233795333655 0116 2677
0.48330233795333655 0088 0838
0.48330233795333655 0060 0357
0.48330233795333655 0838 1022
0.48330233795333655 0060 0653
0.48330233795333655 0088 0697
0.48330233795333655 0088 0715
0.48330233795333655 0060 0519
0.48330233795333655 0067 0519
0.48330233795333655 0088 0376
0.48330233795333655 0088 0721
0.48330233795333655 0088 0881
0.48330233795333655 0036 3182
0.48330233795333655 0060 3182
0.48330233795333655 0060 2747
0.48330233795333655 0067 1413
0.48330233795333655 0067 3530
0.48330233795333655 0001 0067
0.48330233795333655 0067 2659
0.48330233795333655 0060 0168
0.48330233795333655 0060 1556
0.48330233795333655 0060 0944
0.48330233795333655 0327 0756
0.48330233795333655 0328 0756
0.48330233795333655 0838 1129
0.48330233795333655 0060 1440
0.48330233795333655 0060 3791
0.48330233795333655 0060 0784
0.48330233795333655 0067 0603
0.48330233795333655 0018 0543
0.48330233795333655 0056 0067
0.48330233795333655 0088 1419
0.48330233795333655 0060 1076
0.48330233795333655 0060 0108
0.48330233795333655 0067 1212
0.48330233795333655 0060 2843
0.48330233795333655 0060 4015
0.48330233795333655 0088 4036
0.48330233795333655 0439 1512
0.48330233795333655 0067 0086
0.48330233795333655 1129 4100
0.48330233795333655 0018 0628
0.48330233795333655 0060 0648
0.48330233795333655 0060 2329
0.48330233795333655 0060 1211
0.48330233795333655 0067 0917
0.48330233795333655 0067 1211
0.48330233795333655 0060 1758
0.48330233795333655 0067 0762
0.48330233795333655 0060 0273
0.48330233795333655 0045 0323
0.48330233795333655 0067 4341
0.48330233795333655 0060 2037
0.48330233795333655 0088 0903
0.48330233795333655 0088 0416
0.48330233795333655 0362 3051
0.48330233795333655 0362 0418
0.48330233795333655 0067 0541
0.48330233795333655 0060 0447
0.48330233795333655 0060 1594
0.48330233795333655 0060 0974
0.48330233795333655 0453 2160
0.48330233795333655 0060 2238
0.48330233795333655 0323 0987
0.48330233795333655 0067 3937
0.48330233795333655 0067 0543
0.48330233795333655 0244 0481
0.48330233795333655 0272 0543
0.48330233795333655 0060 4749
0.48330233795333655 0060 4109
0.48330233795333655 0060 1822
0.48330233795333655 0067 0464
0.48330233795333655 0060 3867
0.48330233795333655 0748 2099
0.48330233795333655 0088 3339
0.48330233795333655 0362 1261
0.48330233795333655 0272 0323
0.48330233795333655 0088 0470
0.48330233795333655 0088 2160
0.48330233795333655 0067 0240
0.48330233795333655 1129 1975
0.48330233795333655 0060 0570
0.48330233795333655 0088 0917
0.48330233795333655 0000 0323
0.48330233795333655 0479 0621
0.48330233795333655 0060 0409
0.48330233795333655 0088 1070
0.48330233795333655 0067 0193
0.48330233795333655 0067 0089
0.48330233795333655 0479 1261
0.48330233795333655 0591 2928
0.48330233795333655 0060 0836
0.48330233795333655 0067 0601
0.48330233795333655 0009 0067
0.48330233795333655 0060 0350
0.48330233795333655 0479 0967
0.48330233795333655 0439 0721
0.48330233795333655 0064 0299
0.48330233795333655 0067 0431
0.48330233795333655 0439 2042
0.48330233795333655 0067 1585
0.48330233795333655 0193 0439
0.48330233795333655 0439 1585
0.48330233795333655 2160 5408
0.48330233795333655 0089 0323
0.48330233795333655 0543 1585
0.48330233795333655 0272 0439
0.48330233795333655 0067 2101
0.48330233795333655 0036 0726
0.48330233795333655 0060 2478
0.48330233795333655 0067 2478
0.48330233795333655 0323 0967
0.48330233795333655 0967 2042
0.48330233795333655 0067 5917
0.48330233795333655 0060 1865
0.48330233795333655 0089 0439
0.48330233795333655 0060 4125
0.48330233795333655 0134 0439
0.48330233795333655 0464 0479
0.48330233795333655 0134 0323
0.48330233795333655 0060 0346
0.48330233795333655 0088 0967
0.48330233795333655 0060 3339
0.48330233795333655 0258 0621
0.48330233795333655 0060 1495
0.48330233795333655 0067 1389
0.48330233795333655 0060 1093
0.48330233795333655 0067 1573
0.48330233795333655 0060 0087
0.48330233795333655 0018 0416
0.48330233795333655 0060 6623
0.48330233795333655 0067 1004
0.48330233795333655 0479 0628
0.48330233795333655 0067 0497
0.48330233795333655 0416 0481
0.48330233795333655 0481 0527
0.48330233795333655 0036 0088 0627
0.48330233795333655 0036 0060 0524
0.48330233795333655 0000 0067 0418
0.48330233795333655 0018 0067 0325
0.48330233795333655 0018 0325 0479
0.48330233795333655 0060 0067 0827
0.48330233795333655 0060 0116 2677
0.48330233795333655 0060 0067 0439
0.48330233795333655 0067 2160 3598
0.48330233795333655 0060 0327 0756
0.48330233795333655 0060 0327 1129
0.48330233795333655 0060 0328 0756
0.48330233795333655 0060 0328 1129
0.48330233795333655 0060 0838 1129
0.48330233795333655 0327 0328 0756
0.48330233795333655 0327 0756 1129
0.48330233795333655 0328 0756 1129
0.48330233795333655 0060 0067 0083
0.48330233795333655 0067 0628 3598
0.48330233795333655 0067 0627 2396
0.48330233795333655 0060 0706 1620
0.48330233795333655 0060 0117 1151
0.48330233795333655 0018 0479 4126
0.48330233795333655 0060 0067 0805
0.48330233795333655 0060 0418 0626
0.48330233795333655 0060 0067 0116
0.48330233795333655 0067 0453 2160
0.48330233795333655 0060 0067 0626
0.48330233795333655 0060 0067 1026
0.48330233795333655 0018 0244 0479
0.48330233795333655 0067 2848 3647
0.48330233795333655 0067 0481 0627
0.48330233795333655 0018 0060 4126
0.48330233795333655 0060 0479 4126
0.48330233795333655 0060 0177 2218
0.48330233795333655 0323 0439 0755
0.48330233795333655 0060 0496 1836
0.48330233795333655 0060 0177 1225
0.48330233795333655 0018 0060 0573
0.48330233795333655 0060 0804 0829
0.48330233795333655 0060 0088 0479
0.48330233795333655 0021 0060 0088
0.48330233795333655 0060 0340 1093
0.48330233795333655 0036 0060 0088
0.48330233795333655 0036 0088 0627 0628
0.48330233795333655 0060 0327 0328 0756
0.48330233795333655 0060 0327 0328 1129
0.48330233795333655 0060 0327 0756 1129
0.48330233795333655 0060 0328 0756 1129
0.48330233795333655 0327 0328 0756 1129
0.48330233795333655 0060 0117 1151 1975
0.48330233795333655 0018 0060 0479 0573
0.48330233795333655 0060 0327 0328 0756 1129
0.48330233795333655 0511
0.48330233795333655 0516
0.48330233795333655 0586
0.48330233795333655 0698
0.48330233795333655 10488
0.48330233795333655 1194
0.48330233795333655 1241
0.48330233795333655 1290
0.48330233795333655 1329
0.48330233795333655 1658
0.48330233795333655 2021
0.48330233795333655 2024
0.48330233795333655 2139
0.48330233795333655 2283
0.48330233795333655 2378
0.48330233795333655 2502
0.48330233795333655 2686
0.48330233795333655 2733
0.48330233795333655 2739
0.48330233795333655 2793
0.48330233795333655 3026
0.48330233795333655 3056
0.48330233795333655 3505
0.48330233795333655 3557
0.48330233795333655 3600
0.48330233795333655 3621
0.48330233795333655 3643
0.48330233795333655 3653
0.48330233795333655 3806
0.48330233795333655 3848
0.48330233795333655 3981
0.48330233795333655 4064
0.48330233795333655 4081
0.48330233795333655 4130
0.48330233795333655 4244
0.48330233795333655 4245
0.48330233795333655 4303
0.48330233795333655 4325
0.48330233795333655 4326
0.48330233795333655 4402
0.48330233795333655 4404
0.48330233795333655 4421
0.48330233795333655 4462
0.48330233795333655 4545
0.48330233795333655 4571
0.48330233795333655 4667
0.48330233795333655 4689
0.48330233795333655 4747
0.48330233795333655 4823
0.48330233795333655 4918
0.48330233795333655 4953
0.48330233795333655 4963
0.48330233795333655 4972
0.48330233795333655 5816
0.48330233795333655 5953
0.48330233795333655 6055
0.48330233795333655 6092
0.48330233795333655 8780
0.48330233795333655 9035
0.48330233795333655 0067 0259
0.48330233795333655 0060 0465
0.48330233795333655 0060 0467
0.48330233795333655 0325 0339
0.48330233795333655 0060 0511
0.48330233795333655 0060 0266
0.48330233795333655 0088 0626
0.48330233795333655 0625 0626
0.48330233795333655 0625 0627
0.48330233795333655 0067 0409
0.48330233795333655 0088 0587
0.48330233795333655 0036 0621
0.48330233795333655 0067 0908
0.48330233795333655 0060 0931
0.48330233795333655 0088 0946
0.48330233795333655 0067 0914
0.48330233795333655 0067 1101
0.48330233795333655 0060 1103
0.48330233795333655 0060 1135
0.48330233795333655 0067 1166
0.48330233795333655 0036 1064
0.48330233795333655 0060 1187
0.48330233795333655 0088 1136
0.48330233795333655 0067 0250
0.48330233795333655 0067 0619
0.48330233795333655 0060 1381
0.48330233795333655 0060 1094
0.48330233795333655 0060 1674
0.48330233795333655 1673 1674
0.48330233795333655 0060 1213
0.48330233795333655 0067 0490
0.48330233795333655 0060 0429
0.48330233795333655 0060 1532
0.48330233795333655 0067 1125
0.48330233795333655 0060 0242
0.48330233795333655 0067 1083
0.48330233795333655 0436 0590
0.48330233795333655 0088 0591
0.48330233795333655 0439 0591
0.48330233795333655 0481 0591
0.48330233795333655 0067 0687
0.48330233795333655 0060 0160
0.48330233795333655 0481 0745
0.48330233795333655 0060 1553
0.48330233795333655 0060 1429
0.48330233795333655 0060 0161
0.48330233795333655 0060 0620
0.48330233795333655 0479 1908
0.48330233795333655 0060 2351
0.48330233795333655 0067 0376
0.48330233795333655 0479 2403
0.48330233795333655 0060 0687
0.48330233795333655 0060 1090
0.48330233795333655 0088 1090
0.48330233795333655 0067 0242
0.48330233795333655 0036 0299
0.48330233795333655 0067 0090
0.48330233795333655 0067 0408
0.48330233795333655 0088 1682
0.48330233795333655 0164 0323
0.48330233795333655 0067 1343
0.48330233795333655 0067 1095
0.48330233795333655 0067 1192
0.48330233795333655 0327 0838
0.48330233795333655 0328 0838
0.48330233795333655 0067 0381
0.48330233795333655 0060 2807
0.48330233795333655 0237 0715
0.48330233795333655 0067 2842
0.48330233795333655 0060 2594
0.48330233795333655 0067 0982
0.48330233795333655 0019 0036
0.48330233795333655 0067 1136
0.48330233795333655 0457 3145
0.48330233795333655 0088 1022
0.48330233795333655 0060 3263
0.48330233795333655 0067 0623
0.48330233795333655 0067 3269
0.48330233795333655 0060 1525
0.48330233795333655 0088 2042
0.48330233795333655 0060 0701
0.48330233795333655 0036 2403
0.48330233795333655 0299 0325
0.48330233795333655 0032 0627
0.48330233795333655 0299 1026
0.48330233795333655 0060 1602
0.48330233795333655 0064 0755
0.48330233795333655 0067 2665
0.48330233795333655 0755 2659
0.48330233795333655 0161 0937
0.48330233795333655 0299 0678
0.48330233795333655 0678 1129
0.48330233795333655 0088 1824
0.48330233795333655 0060 1267
0.48330233795333655 0060 3653
0.48330233795333655 0627 3598
0.48330233795333655 0628 2160
0.48330233795333655 0060 3523
0.48330233795333655 0479 2848
0.48330233795333655 0479 3647
0.48330233795333655 0067 0937
0.48330233795333655 0060 1764
0.48330233795333655 0987 3232
0.48330233795333655 0060 1765
0.48330233795333655 0067 0499
0.48330233795333655 0067 0929
0.48330233795333655 0067 1191
0.48330233795333655 0748 0967
0.48330233795333655 0060 3981
0.48330233795333655 0067 1012
0.48330233795333655 0060 1371
0.48330233795333655 0060 4064
0.48330233795333655 0060 1670
0.48330233795333655 0164 0439
0.48330233795333655 0323 1129
0.48330233795333655 0439 1129
0.48330233795333655 4125 4126
0.48330233795333655 0088 1855
0.48330233795333655 0067 2545
0.48330233795333655 1261 3877
0.48330233795333655 0060 2743
0.48330233795333655 0060 0917
0.48330233795333655 0067 0515
0.48330233795333655 0060 1402
0.48330233795333655 0067 2186
0.48330233795333655 0060 2745
0.48330233795333655 0088 2161
0.48330233795333655 0067 1638
0.48330233795333655 1349 1350
0.48330233795333655 0060 1430
0.48330233795333655 0362 3082
0.48330233795333655 0060 4312
0.48330233795333655 0067 1650
0.48330233795333655 0088 0490
0.48330233795333655 0060 2359
0.48330233795333655 0060 1389
0.48330233795333655 0067 0996
0.48330233795333655 0903 0944
0.48330233795333655 0060 3502
0.48330233795333655 0323 1120
0.48330233795333655 0060 0762
0.48330233795333655 0416 0500
0.48330233795333655 0116 0439
0.48330233795333655 0060 2984
0.48330233795333655 0067 2624
0.48330233795333655 0067 4297
0.48330233795333655 0067 0745
0.48330233795333655 0332 0995
0.48330233795333655 0067 0593
0.48330233795333655 0067 1808
0.48330233795333655 0323 0426
0.48330233795333655 0067 0204
0.48330233795333655 0060 0622
0.48330233795333655 0874 2057
0.48330233795333655 0060 4542
0.48330233795333655 0543 0824
0.48330233795333655 0067 0162
0.48330233795333655 0067 1940
0.48330233795333655 0362 0378
0.48330233795333655 0060 0881
0.48330233795333655 0323 0325
0.48330233795333655 0060 2120
0.48330233795333655 0115 0116
0.48330233795333655 0116 0875
0.48330233795333655 0116 1261
0.48330233795333655 0067 4963
0.48330233795333655 4972 4973
0.48330233795333655 0481 1940
0.48330233795333655 0543 0573
0.48330233795333655 0628 0967
0.48330233795333655 0488 3181
0.48330233795333655 0164 0479
0.48330233795333655 0627 1975
0.48330233795333655 0350 0621
0.48330233795333655 0067 1815
0.48330233795333655 0060 2029
0.48330233795333655 0060 2312
0.48330233795333655 0067 2403
0.48330233795333655 0067 4432
0.48330233795333655 0036 0760
0.48330233795333655 0088 0117
0.48330233795333655 0088 0706
0.48330233795333655 0060 1770
0.48330233795333655 0627 1129
0.48330233795333655 0299 1343
0.48330233795333655 0060 1185
0.48330233795333655 0060 0817
0.48330233795333655 0060 2073
0.48330233795333655 0299 0721
0.48330233795333655 0721 3598
0.48330233795333655 0323 1067
0.48330233795333655 0439 1067
0.48330233795333655 0088 2238
0.48330233795333655 0060 4496
0.48330233795333655 0272 0393
0.48330233795333655 0088 0218
0.48330233795333655 0067 1223
0.48330233795333655 0067 0756
0.48330233795333655 0323 2042
0.48330233795333655 0088 1810
0.48330233795333655 0088 2773
0.48330233795333655 1343 5408
0.48330233795333655 0656 0755
0.48330233795333655 0067 3587
0.48330233795333655 0088 2101
0.48330233795333655 0009 0060
0.48330233795333655 0060 0650
0.48330233795333655 0088 0909
0.48330233795333655 0060 2296
0.48330233795333655 0060 3505
0.48330233795333655 0067 1880
0.48330233795333655 0067 4667
0.48330233795333655 0088 1620
0.48330233795333655 0088 0828
0.48330233795333655 0625 2160
0.48330233795333655 0067 0286
0.48330233795333655 0323 0499
0.48330233795333655 0439 0627
0.48330233795333655 0060 5408
0.48330233795333655 0088 1057
0.48330233795333655 0060 6031
0.48330233795333655 1261 2659
0.48330233795333655 0067 6015
0.48330233795333655 0828 0967
0.48330233795333655 0829 0967
0.48330233795333655 0439 0457
0.48330233795333655 0829 2099
0.48330233795333655 0067 3129
0.48330233795333655 0299 2160
0.48330233795333655 0088 0656
0.48330233795333655 0439 0967
0.48330233795333655 0088 0488
0.48330233795333655 0060 1834
0.48330233795333655 0060 2344
0.48330233795333655 0067 0310
0.48330233795333655 0067 0708
0.48330233795333655 0060 0837
0.48330233795333655 0067 0424
0.48330233795333655 0060 5242
0.48330233795333655 0088 0596
0.48330233795333655 0258 0718
0.48330233795333655 0060 0427
0.48330233795333655 0060 0193
0.48330233795333655 0067 0266
0.48330233795333655 0060 1041
0.48330233795333655 0067 1018
0.48330233795333655 0060 2200
0.48330233795333655 0479 2042
0.48330233795333655 0088 0678
0.48330233795333655 0060 1195
0.48330233795333655 0088 1638
0.48330233795333655 0067 2655
0.48330233795333655 0060 0872
0.48330233795333655 0067 0747
0.48330233795333655 0627 0686
0.48330233795333655 0036 4542
0.48330233795333655 0699 0804
0.48330233795333655 0060 5279
0.48330233795333655 0060 0846
0.48330233795333655 0625 0987
0.48330233795333655 0060 1004
0.48330233795333655 0439 2072
0.48330233795333655 0060 2396
0.48330233795333655 0060 2194
0.48330233795333655 0628 5408
0.48330233795333655 0481 0628
0.48330233795333655 0000 0544
0.48330233795333655 0418 0439
0.48330233795333655 0060 5804
0.48330233795333655 0088 2229
0.48330233795333655 0439 3584
0.48330233795333655 0117 1129
0.48330233795333655 0580 2026
0.48330233795333655 0067 0653
0.48330233795333655 0060 2101
0.48330233795333655 0018 0325 0481
0.48330233795333655 0000 0018 0060
0.48330233795333655 0060 0067 0587
0.48330233795333655 0060 0177 0813
0.48330233795333655 0060 0481 0621
0.48330233795333655 0060 0362 0639
0.48330233795333655 0067 0678 0967
0.48330233795333655 0060 0323 0362
0.48330233795333655 0000 0067 0726
0.48330233795333655 0067 0418 0726
0.48330233795333655 0067 0590 0591
0.48330233795333655 0045 0060 0436
0.48330233795333655 0060 0479 0524
0.48330233795333655 0018 0479 1908
0.48330233795333655 0067 0325 2160
0.48330233795333655 0060 0067 0376
0.48330233795333655 0060 0479 2403
0.48330233795333655 0327 0328 0838
0.48330233795333655 0067 0838 1022
0.48330233795333655 0056 0060 0832
0.48330233795333655 0060 0067 0339
0.48330233795333655 0067 0088 0755
0.48330233795333655 0060 0323 0543
0.48330233795333655 0323 0439 0543
0.48330233795333655 0032 0060 0067
0.48330233795333655 0060 0159 0362
0.48330233795333655 0060 0088 0944
0.48330233795333655 0060 0418 0827
0.48330233795333655 0060 0827 1267
0.48330233795333655 0067 0627 0628
0.48330233795333655 0067 0628 2160
0.48330233795333655 0060 0116 2160
0.48330233795333655 0479 2848 3647
0.48330233795333655 0060 0067 1764
0.48330233795333655 0060 0678 0967
0.48330233795333655 0164 0436 0439
0.48330233795333655 0323 0439 1129
0.48330233795333655 0018 0036 0067
0.48330233795333655 0060 1349 1350
0.48330233795333655 0060 0116 4242
0.48330233795333655 0060 0177 0323
0.48330233795333655 0060 0418 1808
0.48330233795333655 0060 0362 3051
0.48330233795333655 0060 0362 0418
0.48330233795333655 0067 0748 1120
0.48330233795333655 0060 0067 0332
0.48330233795333655 0060 0332 0995
0.48330233795333655 0060 0543 0824
0.48330233795333655 0088 0748 2099
0.48330233795333655 0088 1261 2099
0.48330233795333655 0060 0362 1261
0.48330233795333655 0323 0439 0946
0.48330233795333655 0067 1129 1975
0.48330233795333655 0060 0088 0481
0.48330233795333655 0060 0543 0573
0.48330233795333655 0060 0067 0539
0.48330233795333655 0060 0436 0479
0.48330233795333655 0164 0436 0479
0.48330233795333655 0067 0479 0627
0.48330233795333655 0067 0627 1975
0.48330233795333655 0018 0036 1261
0.48330233795333655 0018 0479 1261
0.48330233795333655 0067 0116 2160
0.48330233795333655 0060 0272 0543
0.48330233795333655 0018 0479 0967
0.48330233795333655 0067 0439 0721
0.48330233795333655 0299 0721 3598
0.48330233795333655 0323 0439 1067
0.48330233795333655 0067 0439 0755
0.48330233795333655 0060 0067 0625
0.48330233795333655 0067 0625 0628
0.48330233795333655 0060 0543 1585
0.48330233795333655 0088 0828 0829
0.48330233795333655 0323 0439 1261
0.48330233795333655 0060 0067 0838
0.48330233795333655 0067 0117 1975
0.48330233795333655 0018 0088 0479
0.48330233795333655 0060 0067 0677
0.48330233795333655 0828 0829 0967
0.48330233795333655 0134 0323 0439
0.48330233795333655 0323 0439 0967
0.48330233795333655 0067 0378 0587
0.48330233795333655 0067 0258 0621
0.48330233795333655 0067 0258 0718
0.48330233795333655 0060 0699 0804
0.48330233795333655 0067 0164 0436
0.48330233795333655 0067 0088 0627
0.48330233795333655 0060 0067 2396
0.48330233795333655 0036 0481 0628
0.48330233795333655 0060 0088 0625
0.48330233795333655 0018 0060 0272
0.48330233795333655 0117 1129 1975
0.48330233795333655 0067 0497 0893
0.48330233795333655 0036 0479 0628
0.48330233795333655 0061
0.48330233795333655 0069
0.48330233795333655 0091
0.48330233795333655 0262
0.48330233795333655 0322
0.48330233795333655 0386
0.48330233795333655 0741
0.48330233795333655 0783
0.48330233795333655 0953
0.48330233795333655 1009
0.48330233795333655 10214
0.48330233795333655 1105
0.48330233795333655 1150
0.48330233795333655 1369
0.48330233795333655 1491
0.48330233795333655 1505
0.48330233795333655 1558
0.48330233795333655 1559
0.48330233795333655 1581
0.48330233795333655 1608
0.48330233795333655 1725
0.48330233795333655 1737
0.48330233795333655 1948
0.48330233795333655 1953
0.48330233795333655 1960
0.48330233795333655 1977
0.48330233795333655 2185
0.48330233795333655 2192
0.48330233795333655 2224
0.48330233795333655 2254
0.48330233795333655 2323
0.48330233795333655 2338
0.48330233795333655 2402
0.48330233795333655 2468
0.48330233795333655 2480
0.48330233795333655 2516
0.48330233795333655 2552
0.48330233795333655 2611
0.48330233795333655 2756
0.48330233795333655 2808
0.48330233795333655 2814
0.48330233795333655 2815
0.48330233795333655 2907
0.48330233795333655 2963
0.48330233795333655 2966
0.48330233795333655 2968
0.48330233795333655 3062
0.48330233795333655 3069
0.48330233795333655 3126
0.48330233795333655 3138
0.48330233795333655 3147
0.48330233795333655 3200
0.48330233795333655 3400
0.48330233795333655 3458
0.48330233795333655 3498
0.48330233795333655 3507
0.48330233795333655 3537
0.48330233795333655 3652
0.48330233795333655 3669
0.48330233795333655 3783
0.48330233795333655 3793
0.48330233795333655 3821
0.48330233795333655 3865
0.48330233795333655 3903
0.48330233795333655 3934
0.48330233795333655 3972
0.48330233795333655 4246
0.48330233795333655 4278
0.48330233795333655 4281
0.48330233795333655 4294
0.48330233795333655 4324
0.48330233795333655 4330
0.48330233795333655 4348
0.48330233795333655 4379
0.48330233795333655 4391
0.48330233795333655 4405
0.48330233795333655 4416
0.48330233795333655 4437
0.48330233795333655 4456
0.48330233795333655 4484
0.48330233795333655 4544
0.48330233795333655 4583
0.48330233795333655 4586
0.48330233795333655 4607
0.48330233795333655 4608
0.48330233795333655 4800
0.48330233795333655 4890
0.48330233795333655 4891
0.48330233795333655 4942
0.48330233795333655 4950
0.48330233795333655 4961
0.48330233795333655 4968
0.48330233795333655 4978
0.48330233795333655 5057
0.48330233795333655 5184
0.48330233795333655 5223
0.48330233795333655 5248
0.48330233795333655 5261
0.48330233795333655 5286
0.48330233795333655 5303
0.48330233795333655 5400
0.48330233795333655 5448
0.48330233795333655 5605
0.48330233795333655 5831
0.48330233795333655 6064
0.48330233795333655 6226
0.48330233795333655 6268
0.48330233795333655 6493
0.48330233795333655 6589
0.48330233795333655 6638
0.48330233795333655 6789
0.48330233795333655 6875
0.48330233795333655 7157
0.48330233795333655 7705
0.48330233795333655 7793
0.48330233795333655 7883
0.48330233795333655 8242
0.48330233795333655 9451
0.48330233795333655 0060 0063
0.48330233795333655 0067 0069
0.48330233795333655 0060 0077
0.48330233795333655 0036 0162
0.48330233795333655 0060 0381
0.48330233795333655 0088 0426
0.48330233795333655 0067 0451
0.48330233795333655 0060 0468
0.48330233795333655 0060 0082
0.48330233795333655 0174 0514
0.48330233795333655 0573 0590
0.48330233795333655 0021 0337
0.48330233795333655 0036 0625
0.48330233795333655 0626 0627
0.48330233795333655 0018 0492
0.48330233795333655 0060 0741
0.48330233795333655 0488 0950
0.48330233795333655 0088 1101
0.48330233795333655 0088 0244
0.48330233795333655 0136 0745
0.48330233795333655 0067 0791
0.48330233795333655 0067 1156
0.48330233795333655 0052 0067
0.48330233795333655 0052 1108
0.48330233795333655 0036 1018
0.48330233795333655 0627 1241
0.48330233795333655 0642 1342
0.48330233795333655 0067 0469
0.48330233795333655 0067 0304
0.48330233795333655 0067 1440
0.48330233795333655 0067 1451
0.48330233795333655 0524 1070
0.48330233795333655 0060 0680
0.48330233795333655 0060 0278
0.48330233795333655 0060 1095
0.48330233795333655 0067 1396
0.48330233795333655 0020 0060
0.48330233795333655 0067 1559
0.48330233795333655 0627 1043
0.48330233795333655 0623 1650
0.48330233795333655 0067 0594
0.48330233795333655 0067 1509
0.48330233795333655 0060 1895
0.48330233795333655 0060 0127
0.48330233795333655 0067 1948
0.48330233795333655 0842 1129
0.48330233795333655 0060 0188
0.48330233795333655 0323 1950
0.48330233795333655 0060 0743
0.48330233795333655 0067 0264
0.48330233795333655 0067 2026
0.48330233795333655 0060 0406
0.48330233795333655 0036 0242
0.48330233795333655 0479 1029
0.48330233795333655 0088 0621
0.48330233795333655 0060 2151
0.48330233795333655 2160 2161
0.48330233795333655 0067 1429
0.48330233795333655 0060 2224
0.48330233795333655 0250 0479
0.48330233795333655 0481 0545
0.48330233795333655 0067 1908
0.48330233795333655 0479 2160
0.48330233795333655 0060 2338
0.48330233795333655 0116 1129
0.48330233795333655 0060 2402
0.48330233795333655 0067 1565
0.48330233795333655 0362 1151
0.48330233795333655 0067 0195
0.48330233795333655 0067 0610
0.48330233795333655 0060 1584
0.48330233795333655 0060 2502
0.48330233795333655 0088 0393
0.48330233795333655 0393 0518
0.48330233795333655 0439 2394
0.48330233795333655 0060 0596
0.48330233795333655 0067 2599
0.48330233795333655 0060 1682
0.48330233795333655 0060 0791
0.48330233795333655 0439 0697
0.48330233795333655 0060 2528
0.48330233795333655 0060 0081
0.48330233795333655 0067 0123
0.48330233795333655 0060 1123
0.48330233795333655 0060 2815
0.48330233795333655 0060 0715
0.48330233795333655 0088 0532
0.48330233795333655 0088 1957
0.48330233795333655 1022 2303
0.48330233795333655 0020 0479
0.48330233795333655 0060 2897
0.48330233795333655 0479 0859
0.48330233795333655 0060 2098
0.48330233795333655 0088 0370
0.48330233795333655 0088 1120
0.48330233795333655 0370 0832
0.48330233795333655 0042 1025
0.48330233795333655 0088 0334
0.48330233795333655 0060 3056
0.48330233795333655 0060 1413
0.48330233795333655 0136 0174
0.48330233795333655 0088 0174
0.48330233795333655 0036 0467
0.48330233795333655 0060 0260
0.48330233795333655 0601 0627
0.48330233795333655 0323 0838
0.48330233795333655 0439 0838
0.48330233795333655 0323 2099
0.48330233795333655 0060 0982
0.48330233795333655 0067 0121
0.48330233795333655 0060 0594
0.48330233795333655 0088 1525
0.48330233795333655 0067 1561
0.48330233795333655 0060 0599
0.48330233795333655 0721 0881
0.48330233795333655 0393 0678
0.48330233795333655 0060 3400
0.48330233795333655 0036 0655
0.48330233795333655 0655 3182
0.48330233795333655 0057 0067
0.48330233795333655 0067 2406
0.48330233795333655 0067 3557
0.48330233795333655 0036 0037
0.48330233795333655 0060 0153
0.48330233795333655 0060 1379
0.48330233795333655 0064 2665
0.48330233795333655 0064 3598
0.48330233795333655 0755 2665
0.48330233795333655 0755 3598
0.48330233795333655 2665 3598
0.48330233795333655 0060 0937
0.48330233795333655 0043 0678
0.48330233795333655 0060 3638
0.48330233795333655 0756 0838
0.48330233795333655 0060 3652
0.48330233795333655 0418 0426
0.48330233795333655 0418 3653
0.48330233795333655 0627 1764
0.48330233795333655 0018 0418
0.48330233795333655 0325 0627
0.48330233795333655 0325 0628
0.48330233795333655 0067 3460
0.48330233795333655 0053 0060
0.48330233795333655 0227 0627
0.48330233795333655 0018 2848
0.48330233795333655 0018 3647
0.48330233795333655 0067 0161
0.48330233795333655 0060 1100
0.48330233795333655 0067 3154
0.48330233795333655 0088 0736
0.48330233795333655 0088 1012
0.48330233795333655 0060 3232
0.48330233795333655 0067 0676
0.48330233795333655 0067 1771
0.48330233795333655 0067 1765
0.48330233795333655 0272 0755
0.48330233795333655 0060 0873
0.48330233795333655 0040 0418
0.48330233795333655 0060 0139
0.48330233795333655 0067 0139
0.48330233795333655 0060 1419
0.48330233795333655 0191 0627
0.48330233795333655 0060 1897
0.48330233795333655 0060 3934
0.48330233795333655 0060 0158
0.48330233795333655 0478 0748
0.48330233795333655 0067 3848
0.48330233795333655 1191 3848
0.48330233795333655 0018 0678
0.48330233795333655 0018 0748
0.48330233795333655 0018 0117
0.48330233795333655 0018 1975
0.48330233795333655 1212 1483
0.48330233795333655 0060 0783
0.48330233795333655 0376 0783
0.48330233795333655 0479 2608
0.48330233795333655 0060 0956
0.48330233795333655 0627 0760
0.48330233795333655 0191 0838
0.48330233795333655 0036 1183
0.48330233795333655 0479 4125
0.48330233795333655 0481 4126
0.48330233795333655 0088 0513
0.48330233795333655 0060 0716
0.48330233795333655 0088 1546
0.48330233795333655 0060 0638
0.48330233795333655 0590 0627
0.48330233795333655 0020 0036
0.48330233795333655 0378 0481
0.48330233795333655 0378 0653
0.48330233795333655 0481 0686
0.48330233795333655 0060 0649
0.48330233795333655 0067 1927
0.48330233795333655 0362 0470
0.48330233795333655 0067 2099
0.48330233795333655 0060 4255
0.48330233795333655 0060 4259
0.48330233795333655 0334 0827
0.48330233795333655 0827 2745
0.48330233795333655 0060 3531
0.48330233795333655 0060 1969
0.48330233795333655 0060 4278
0.48330233795333655 0067 1969
0.48330233795333655 0067 1342
0.48330233795333655 0060 1064
0.48330233795333655 0136 0362
0.48330233795333655 0481 1120
0.48330233795333655 0067 3059
0.48330233795333655 0362 1129
0.48330233795333655 1129 3059
0.48330233795333655 0362 0748
0.48330233795333655 0627 0748
0.48330233795333655 0748 3082
0.48330233795333655 0088 1402
0.48330233795333655 0323 0626
0.48330233795333655 0273 4315
0.48330233795333655 0060 4325
0.48330233795333655 0060 4326
0.48330233795333655 0060 2234
0.48330233795333655 0060 2702
0.48330233795333655 0332 0827
0.48330233795333655 0060 0919
0.48330233795333655 0718 0981
0.48330233795333655 0067 4362
0.48330233795333655 0330 4362
0.48330233795333655 0418 1051
0.48330233795333655 0060 0186
0.48330233795333655 0116 0627
0.48330233795333655 0418 4393
0.48330233795333655 0418 2331
0.48330233795333655 0060 4399
0.48330233795333655 0323 0805
0.48330233795333655 0418 0469
0.48330233795333655 0088 0718
0.48330233795333655 0032 0088
0.48330233795333655 0060 4452
0.48330233795333655 0067 1594
0.48330233795333655 0067 2984
0.48330233795333655 0060 0421
0.48330233795333655 0088 2745
0.48330233795333655 0060 3877
0.48330233795333655 0062 0067
0.48330233795333655 0362 4242
0.48330233795333655 0362 4297
0.48330233795333655 2331 4297
0.48330233795333655 0067 0995
0.48330233795333655 0626 2160
0.48330233795333655 0067 3339
0.48330233795333655 0177 0827
0.48330233795333655 0272 0627
0.48330233795333655 0627 0827
0.48330233795333655 0088 0369
0.48330233795333655 0196 2160
0.48330233795333655 0177 0805
0.48330233795333655 0362 4437
0.48330233795333655 0060 3501
0.48330233795333655 0060 2394
0.48330233795333655 2359 3051
0.48330233795333655 0336 1010
0.48330233795333655 0067 0335
0.48330233795333655 0067 4452
0.48330233795333655 0060 2816
0.48330233795333655 0116 0453
0.48330233795333655 0453 2677
0.48330233795333655 0323 2331
0.48330233795333655 0718 0987
0.48330233795333655 0748 0827
0.48330233795333655 0060 0898
0.48330233795333655 0067 0333
0.48330233795333655 0453 0539
0.48330233795333655 0539 0543
0.48330233795333655 0060 0329
0.48330233795333655 0060 2294
0.48330233795333655 0946 0987
0.48330233795333655 0088 0183
0.48330233795333655 0060 3017
0.48330233795333655 0272 0362
0.48330233795333655 0272 0481
0.48330233795333655 0060 0880
0.48330233795333655 0067 3867
0.48330233795333655 0827 1808
0.48330233795333655 0067 4742
0.48330233795333655 0323 0424
0.48330233795333655 0424 0439
0.48330233795333655 0018 0299
0.48330233795333655 0018 3598
0.48330233795333655 0323 0478
0.48330233795333655 0362 0464
0.48330233795333655 0060 0333
0.48330233795333655 0060 0940
0.48330233795333655 0040 0362
0.48330233795333655 0036 0677
0.48330233795333655 0060 2611
0.48330233795333655 0088 0666
0.48330233795333655 0060 0414
0.48330233795333655 0060 4112
0.48330233795333655 0060 4571
0.48330233795333655 0625 2042
0.48330233795333655 0056 0116
0.48330233795333655 0067 2785
0.48330233795333655 0088 4180
0.48330233795333655 0060 1572
0.48330233795333655 0060 0450
0.48330233795333655 0088 3232
0.48330233795333655 0088 3598
0.48330233795333655 0838 2160
0.48330233795333655 0323 1227
0.48330233795333655 0244 0748
0.48330233795333655 0244 1120
0.48330233795333655 0060 0874
0.48330233795333655 0067 1144
0.48330233795333655 0018 1129
0.48330233795333655 0018 1026
0.48330233795333655 0623 1026
0.48330233795333655 0088 0950
0.48330233795333655 0950 4402
0.48330233795333655 0875 1261
0.48330233795333655 0088 2396
0.48330233795333655 0060 4481
0.48330233795333655 0018 0500
0.48330233795333655 0060 2938
0.48330233795333655 0088 0502
0.48330233795333655 0060 0497
0.48330233795333655 0060 4972
0.48330233795333655 0060 4973
0.48330233795333655 0067 0680
0.48330233795333655 0621 0681
0.48330233795333655 0060 3647
0.48330233795333655 0479 4542
0.48330233795333655 0036 0967
0.48330233795333655 0416 0967
0.48330233795333655 0060 0568
0.48330233795333655 0060 0682
0.48330233795333655 0527 1950
0.48330233795333655 0067 0730
0.48330233795333655 0350 0479
0.48330233795333655 0323 0537
0.48330233795333655 0244 2848
0.48330233795333655 0056 0323
0.48330233795333655 0127 0323
0.48330233795333655 0060 1242
0.48330233795333655 0067 2544
0.48330233795333655 0244 1022
0.48330233795333655 0244 2544
0.48330233795333655 0481 0573
0.48330233795333655 0177 0244
0.48330233795333655 0323 0621
0.48330233795333655 0621 2608
0.48330233795333655 0453 0479
0.48330233795333655 0481 1975
0.48330233795333655 0088 0162
0.48330233795333655 0196 0501
0.48330233795333655 0293 0479
0.48330233795333655 0060 0685
0.48330233795333655 0060 1426
0.48330233795333655 0060 1098
0.48330233795333655 0453 2544
0.48330233795333655 0018 0039
0.48330233795333655 0040 0439
0.48330233795333655 0439 1012
0.48330233795333655 0060 2440
0.48330233795333655 0479 0745
0.48330233795333655 0601 0621
0.48330233795333655 0060 1901
0.48330233795333655 0060 2757
0.48330233795333655 0187 0323
0.48330233795333655 0177 1582
0.48330233795333655 0067 1194
0.48330233795333655 0115 0272
0.48330233795333655 0115 0824
0.48330233795333655 0060 0270
0.48330233795333655 0269 0299
0.48330233795333655 0269 1129
0.48330233795333655 0299 1022
0.48330233795333655 0088 0492
0.48330233795333655 0088 0501
0.48330233795333655 0470 0501
0.48330233795333655 0470 0944
0.48330233795333655 0000 0362
0.48330233795333655 0060 2161
0.48330233795333655 0439 0691
0.48330233795333655 0018 0817
0.48330233795333655 0177 2160
0.48330233795333655 0299 0439
0.48330233795333655 0587 0627
0.48330233795333655 0060 5261
0.48330233795333655 0060 0187
0.48330233795333655 0136 0628
0.48330233795333655 0479 4496
0.48330233795333655 0036 0227
0.48330233795333655 0227 0760
0.48330233795333655 0060 0259
0.48330233795333655 0067 1064
0.48330233795333655 0088 1223
0.48330233795333655 0755 1223
0.48330233795333655 0060 0938
0.48330233795333655 0060 2792
0.48330233795333655 0481 0673
0.48330233795333655 0067 1676
0.48330233795333655 0067 1076
0.48330233795333655 0088 0893
0.48330233795333655 0459 0893
0.48330233795333655 0686 2773
0.48330233795333655 0060 2145
0.48330233795333655 0067 1658
0.48330233795333655 0192 0439
0.48330233795333655 1343 2160
0.48330233795333655 0060 2649
0.48330233795333655 0755 0838
0.48330233795333655 0067 0731
0.48330233795333655 0060 2044
0.48330233795333655 0067 1976
0.48330233795333655 0067 0547
0.48330233795333655 0035 0088
0.48330233795333655 0676 0909
0.48330233795333655 0000 1129
0.48330233795333655 0088 0453
0.48330233795333655 0067 0488
0.48330233795333655 0060 5816
0.48330233795333655 0627 0755
0.48330233795333655 0018 1836
0.48330233795333655 0323 0335
0.48330233795333655 0018 0525
0.48330233795333655 0060 2545
0.48330233795333655 2478 2545
0.48330233795333655 0121 0323
0.48330233795333655 0514 1764
0.48330233795333655 0272 0573
0.48330233795333655 0323 0766
0.48330233795333655 0115 0393
0.48330233795333655 0164 0590
0.48330233795333655 0514 0518
0.48330233795333655 0088 1585
0.48330233795333655 0060 0280
0.48330233795333655 0089 0479
0.48330233795333655 0089 1637
0.48330233795333655 0089 1638
0.48330233795333655 1637 1638
0.48330233795333655 0067 1674
0.48330233795333655 1758 3505
0.48330233795333655 0299 0470
0.48330233795333655 0060 4608
0.48330233795333655 0514 4608
0.48330233795333655 0322 0323
0.48330233795333655 0060 3078
0.48330233795333655 0323 0656
0.48330233795333655 0479 0656
0.48330233795333655 0543 1261
0.48330233795333655 0519 0573
0.48330233795333655 0543 1350
0.48330233795333655 0067 2098
0.48330233795333655 0627 1151
0.48330233795333655 0088 1232
0.48330233795333655 0060 2324
0.48330233795333655 0060 2868
0.48330233795333655 0018 0056
0.48330233795333655 0018 0544
0.48330233795333655 0518 0677
0.48330233795333655 0337 0479
0.48330233795333655 0323 2848
0.48330233795333655 0439 2848
0.48330233795333655 0067 0097
0.48330233795333655 0627 3644
0.48330233795333655 0755 1261
0.48330233795333655 0018 0464
0.48330233795333655 0060 2507
0.48330233795333655 0060 4942
0.48330233795333655 0067 4953
0.48330233795333655 0018 0661
0.48330233795333655 0067 0828
0.48330233795333655 0060 0875
0.48330233795333655 0829 2659
0.48330233795333655 0748 0829
0.48330233795333655 0323 4261
0.48330233795333655 0045 1261
0.48330233795333655 0060 0777
0.48330233795333655 0018 0721
0.48330233795333655 0721 0838
0.48330233795333655 0088 2394
0.48330233795333655 0060 1451
0.48330233795333655 0193 0323
0.48330233795333655 0060 2608
0.48330233795333655 0067 1023
0.48330233795333655 0116 2042
0.48330233795333655 0299 0628
0.48330233795333655 1026 3598
0.48330233795333655 0755 1983
0.48330233795333655 0045 0488
0.48330233795333655 0829 1261
0.48330233795333655 0018 2394
0.48330233795333655 0323 0370
0.48330233795333655 0060 6268
0.48330233795333655 0067 2037
0.48330233795333655 0088 0250
0.48330233795333655 0067 2234
0.48330233795333655 0257 2234
0.48330233795333655 0067 0459
0.48330233795333655 0088 1573
0.48330233795333655 0067 2608
0.48330233795333655 0621 0718
0.48330233795333655 0060 0156
0.48330233795333655 0060 2809
0.48330233795333655 0043 0067
0.48330233795333655 0043 0068
0.48330233795333655 0052 0060
0.48330233795333655 0627 2544
0.48330233795333655 0067 1047
0.48330233795333655 0067 2369
0.48330233795333655 0067 1225
0.48330233795333655 0067 2866
0.48330233795333655 0060 0348
0.48330233795333655 0067 0180
0.48330233795333655 0067 0087
0.48330233795333655 0036 0134
0.48330233795333655 0088 0981
0.48330233795333655 0067 0110
0.48330233795333655 0018 0045
0.48330233795333655 0244 1043
0.48330233795333655 0543 1908
0.48330233795333655 0060 5448
0.48330233795333655 0067 2792
0.48330233795333655 0088 0192
0.48330233795333655 0067 2296
0.48330233795333655 0088 1088
0.48330233795333655 0060 2799
0.48330233795333655 0021 0067
0.48330233795333655 0067 3821
0.48330233795333655 1495 1670
0.48330233795333655 0036 0653
0.48330233795333655 0005 0036
0.48330233795333655 0067 0715
0.48330233795333655 0439 0678
0.48330233795333655 0244 0299
0.48330233795333655 0067 0247
0.48330233795333655 0323 2659
0.48330233795333655 0067 1673
0.48330233795333655 0323 0721
0.48330233795333655 0060 1457
0.48330233795333655 0067 2151
0.48330233795333655 1029 1261
0.48330233795333655 0060 1855
0.48330233795333655 0060 3559
0.48330233795333655 0060 0423
0.48330233795333655 0067 2229
0.48330233795333655 0060 0455
0.48330233795333655 0117 0537
0.48330233795333655 0805 2160
0.48330233795333655 0104 0439
0.48330233795333655 0439 1500
0.48330233795333655 2773 8071
0.48330233795333655 0000 0625
0.48330233795333655 0018 0673
0.48330233795333655 0272 5242
0.48330233795333655 0067 2631
0.48330233795333655 0721 0755
0.48330233795333655 0088 0395
0.48330233795333655 0088 2029
0.48330233795333655 0088 2194
0.48330233795333655 0088 0880
0.48330233795333655 0479 0527
0.48330233795333655 0067 6031
0.48330233795333655 0083 1025
0.48330233795333655 0083 6031
0.48330233795333655 1025 6031
0.48330233795333655 0164 1908
0.48330233795333655 0436 1908
0.48330233795333655 0060 8242
0.48330233795333655 0088 0134
0.48330233795333655 0067 1187
0.48330233795333655 0177 0748
0.48330233795333655 0481 1185
0.48330233795333655 0060 2834
0.48330233795333655 0060 8071
0.48330233795333655 0060 4421
0.48330233795333655 0060 0839
0.48330233795333655 0088 0566
0.48330233795333655 0362 0377
0.48330233795333655 0545 0628
0.48330233795333655 0465 0620
0.48330233795333655 0005 0060
0.48330233795333655 0036 0544
0.48330233795333655 0088 3126
0.48330233795333655 0018 4032
0.48330233795333655 0060 0498
0.48330233795333655 0067 2913
0.48330233795333655 0067 2074
0.48330233795333655 0060 2158
0.48330233795333655 0067 2158
0.48330233795333655 0018 0136
0.48330233795333655 0656 1512
0.48330233795333655 0088 0450
0.48330233795333655 0088 0746
0.48330233795333655 0450 0686
0.48330233795333655 0686 0746
0.48330233795333655 0686 2229
0.48330233795333655 0088 0424
0.48330233795333655 0060 1266
0.48330233795333655 0539 0627
0.48330233795333655 0590 0721
0.48330233795333655 0408 0481
0.48330233795333655 0060 9035
0.48330233795333655 0503 1865
0.48330233795333655 0625 9035
0.48330233795333655 0240 0621
0.48330233795333655 0062 0573
0.48330233795333655 0036 0889
0.48330233795333655 0088 0889
0.48330233795333655 0621 0627
0.48330233795333655 0539 2544
0.48330233795333655 0136 0479
0.48330233795333655 0060 4961
0.48330233795333655 0067 1865
0.48330233795333655 0104 0686
0.48330233795333655 0060 2928
0.48330233795333655 0067 2928
0.48330233795333655 0060 0580
0.48330233795333655 0590 2928
0.48330233795333655 0116 0591
0.48330233795333655 0323 0813
0.48330233795333655 0060 0610
0.48330233795333655 0060 0662
0.48330233795333655 0060 0694
0.48330233795333655 0088 2842
0.48330233795333655 0060 5555
0.48330233795333655 0036 0257
0.48330233795333655 0686 0813
0.48330233795333655 0060 4987
0.48330233795333655 0035 0543
0.48330233795333655 0060 0790
0.48330233795333655 0060 2230
0.48330233795333655 0088 2200
0.48330233795333655 0067 1107
0.48330233795333655 0060 0325 0339
0.48330233795333655 0018 0060 0337
0.48330233795333655 0021 0060 0337
0.48330233795333655 0036 0625 0628
0.48330233795333655 0625 0627 0628
0.48330233795333655 0060 0067 0545
0.48330233795333655 0060 0067 0621
0.48330233795333655 0018 0060 0492
0.48330233795333655 0060 0117 0908
0.48330233795333655 0067 0117 0908
0.48330233795333655 0088 0136 0745
0.48330233795333655 0067 0791 0792
0.48330233795333655 0036 0416 0627
0.48330233795333655 0416 0627 0628
0.48330233795333655 0060 1673 1674
0.48330233795333655 0060 0067 1950
0.48330233795333655 0067 0842 1129
0.48330233795333655 0000 0418 0726
0.48330233795333655 0060 0067 0435
0.48330233795333655 0060 0250 0479
0.48330233795333655 0036 0060 0416
0.48330233795333655 0036 0416 0479
0.48330233795333655 0060 0524 0620
0.48330233795333655 0027 0060 0067
0.48330233795333655 0067 0479 2160
0.48330233795333655 0060 0088 1227
0.48330233795333655 0060 0067 0218
0.48330233795333655 0060 0115 1151
0.48330233795333655 0060 0362 1151
0.48330233795333655 0060 0393 0518
0.48330233795333655 0000 0060 0088
0.48330233795333655 0060 0791 0792
0.48330233795333655 0164 0323 0436
0.48330233795333655 0045 0060 0088
0.48330233795333655 0060 0088 0676
0.48330233795333655 0060 0067 0088
0.48330233795333655 0060 0067 0532
0.48330233795333655 0060 0479 0859
0.48330233795333655 0056 0370 0832
0.48330233795333655 0042 0067 1025
0.48330233795333655 0000 0479 0481
0.48330233795333655 0060 0543 0838
0.48330233795333655 0323 0439 0838
0.48330233795333655 0088 0323 0376
0.48330233795333655 0088 0323 0755
0.48330233795333655 0018 0036 0060
0.48330233795333655 0088 0594 1525
0.48330233795333655 0088 0721 0881
0.48330233795333655 0060 0088 1051
0.48330233795333655 0036 0060 0655
0.48330233795333655 0036 0060 2403
0.48330233795333655 0036 0060 3182
0.48330233795333655 0036 0655 3182
0.48330233795333655 0060 0655 3182
0.48330233795333655 0032 0067 0627
0.48330233795333655 0064 0067 0755
0.48330233795333655 0064 0067 2665
0.48330233795333655 0064 0067 3598
0.48330233795333655 0064 0755 2665
0.48330233795333655 0064 0755 3598
0.48330233795333655 0064 2665 3598
0.48330233795333655 0067 0755 2659
0.48330233795333655 0067 0755 2665
0.48330233795333655 0067 0755 3598
0.48330233795333655 0067 2665 3598
0.48330233795333655 0755 2665 3598
0.48330233795333655 0299 0678 1129
0.48330233795333655 0060 0088 1824
0.48330233795333655 0060 0327 0838
0.48330233795333655 0060 0328 0838
0.48330233795333655 0060 0756 0838
0.48330233795333655 0327 0756 0838
0.48330233795333655 0327 0838 1129
0.48330233795333655 0328 0756 0838
0.48330233795333655 0328 0838 1129
0.48330233795333655 0756 0838 1129
0.48330233795333655 0060 0418 0426
0.48330233795333655 0060 0418 3653
0.48330233795333655 0067 0627 1764
0.48330233795333655 0018 0060 0418
0.48330233795333655 0067 0627 2160
0.48330233795333655 0325 0627 2160
0.48330233795333655 0627 0628 3598
0.48330233795333655 0627 2160 3598
0.48330233795333655 0018 0479 0543
0.48330233795333655 0018 0479 2848
0.48330233795333655 0018 0479 3647
0.48330233795333655 0018 2848 3647
0.48330233795333655 0067 0161 0937
0.48330233795333655 0060 0987 3232
0.48330233795333655 0060 0067 1662
0.48330233795333655 0067 1191 3848
0.48330233795333655 0018 0060 0967
0.48330233795333655 0018 0678 0967
0.48330233795333655 0060 0376 0783
0.48330233795333655 0067 0627 0760
0.48330233795333655 0018 0481 4126
0.48330233795333655 0479 4125 4126
0.48330233795333655 0018 0036 0628
0.48330233795333655 0018 0067 0628
0.48330233795333655 0067 0362 0470
0.48330233795333655 1261 2099 3877
0.48330233795333655 0060 0418 3530
0.48330233795333655 0060 0116 0330
0.48330233795333655 0060 0481 1120
0.48330233795333655 0060 0067 0416
0.48330233795333655 0060 0273 4315
0.48330233795333655 0060 0332 0827
0.48330233795333655 0060 0332 3530
0.48330233795333655 0060 0362 0718
0.48330233795333655 0060 0177 0330
0.48330233795333655 0060 0088 0903
0.48330233795333655 0060 0903 0944
0.48330233795333655 0088 0903 0944
0.48330233795333655 0060 0362 0909
0.48330233795333655 0060 0418 4393
0.48330233795333655 0060 0418 2331
0.48330233795333655 0323 0748 1120
0.48330233795333655 0060 0418 1402
0.48330233795333655 0067 0330 0718
0.48330233795333655 0060 0488 1183
0.48330233795333655 0060 0067 0745
0.48330233795333655 0060 0362 4242
0.48330233795333655 0060 0362 4297
0.48330233795333655 0067 0627 0827
0.48330233795333655 0060 0067 0987
0.48330233795333655 0067 0196 2160
0.48330233795333655 0018 0060 0838
0.48330233795333655 0060 2359 3051
0.48330233795333655 0067 0362 0418
0.48330233795333655 0067 0323 0362
0.48330233795333655 0067 0439 1512
0.48330233795333655 0060 0116 0453
0.48330233795333655 0060 0453 2677
0.48330233795333655 0060 0453 0987
0.48330233795333655 0060 0748 0827
0.48330233795333655 0060 0539 0543
0.48330233795333655 0060 0946 0987
0.48330233795333655 0060 0088 2099
0.48330233795333655 0060 0418 0909
0.48330233795333655 0060 0880 0881
0.48330233795333655 0323 0424 0439
0.48330233795333655 0018 0299 3598
0.48330233795333655 0040 0060 0362
0.48330233795333655 0067 0625 2042
0.48330233795333655 0056 0060 0116
0.48330233795333655 0060 0721 1261
0.48330233795333655 0244 0748 1120
0.48330233795333655 0060 0623 1026
0.48330233795333655 0116 0875 1261
0.48330233795333655 0060 0088 0748
0.48330233795333655 0060 4972 4973
0.48330233795333655 0036 0416 0967
0.48330233795333655 0036 0628 0967
0.48330233795333655 0416 0628 0967
0.48330233795333655 0060 0527 1950
0.48330233795333655 0067 0244 1022
0.48330233795333655 0060 0481 0488
0.48330233795333655 0060 0488 3181
0.48330233795333655 0018 0164 0479
0.48330233795333655 0018 0436 0479
0.48330233795333655 0060 0164 0479
0.48330233795333655 0060 0481 0573
0.48330233795333655 0067 0453 0479
0.48330233795333655 0067 0196 0501
0.48330233795333655 0060 0293 0479
0.48330233795333655 0060 0067 0481
0.48330233795333655 0018 0481 0967
0.48330233795333655 0060 0067 0590
0.48330233795333655 0036 0479 1261
0.48330233795333655 0060 0115 0824
0.48330233795333655 0060 0269 0270
0.48330233795333655 0269 0299 1129
0.48330233795333655 0067 0299 1343
0.48330233795333655 0088 0470 0944
0.48330233795333655 0060 0439 0691
0.48330233795333655 0018 0060 0244
0.48330233795333655 0060 0479 0481
0.48330233795333655 0060 0479 0967
0.48330233795333655 0060 0177 2160
0.48330233795333655 0060 0323 1110
0.48330233795333655 0060 0479 4496
0.48330233795333655 0036 0227 0760
0.48330233795333655 0060 0067 0272
0.48330233795333655 0060 0272 0393
0.48330233795333655 0067 0088 0439
0.48330233795333655 0060 0104 0481
0.48330233795333655 0060 0067 0726
0.48330233795333655 0323 0439 2042
0.48330233795333655 0088 0686 2773
0.48330233795333655 0067 0193 0439
0.48330233795333655 1343 2160 5408
0.48330233795333655 0067 0656 0755
0.48330233795333655 0060 0177 0650
0.48330233795333655 0000 0067 1129
0.48330233795333655 0000 0323 0439
0.48330233795333655 0299 1343 5408
0.48330233795333655 0067 0514 1764
0.48330233795333655 0060 0323 0766
0.48330233795333655 0060 0115 0393
0.48330233795333655 0060 0164 0590
0.48330233795333655 0060 0436 0590
0.48330233795333655 0018 0272 0479
0.48330233795333655 0272 0323 0439
0.48330233795333655 0089 1637 1638
0.48330233795333655 0060 1758 3505
0.48330233795333655 0060 0514 4608
0.48330233795333655 0088 0479 0544
0.48330233795333655 0060 0543 1350
0.48330233795333655 0060 0481 0524
0.48330233795333655 0060 0067 0104
0.48330233795333655 0060 0067 1151
0.48330233795333655 0060 0721 2868
0.48330233795333655 0060 4125 4126
0.48330233795333655 0067 0625 2160
0.48330233795333655 0018 0479 0544
0.48330233795333655 0011 0067 0286
0.48330233795333655 0323 0439 0499
0.48330233795333655 0323 0439 0627
0.48330233795333655 0060 0067 0514
0.48330233795333655 0060 0067 0518
0.48330233795333655 0060 0518 0677
0.48330233795333655 0323 0439 2848
0.48330233795333655 0067 0244 0627
0.48330233795333655 0018 0060 1261
0.48330233795333655 0067 0134 0439
0.48330233795333655 0018 0464 0479
0.48330233795333655 0067 0828 0829
0.48330233795333655 0060 0116 0875
0.48330233795333655 0067 0134 0323
0.48330233795333655 0088 0829 2099
0.48330233795333655 0748 0829 2099
0.48330233795333655 0089 0323 0439
0.48330233795333655 0323 0499 0946
0.48330233795333655 0060 0628 1026
0.48330233795333655 0299 2160 5408
0.48330233795333655 0067 0721 2868
0.48330233795333655 0067 0299 0628
0.48330233795333655 0067 0299 1026
0.48330233795333655 0067 1026 3598
0.48330233795333655 0299 0628 1026
0.48330233795333655 0299 0628 3598
0.48330233795333655 0299 1026 3598
0.48330233795333655 0628 1026 3598
0.48330233795333655 0067 0755 1983
0.48330233795333655 0134 0323 0967
0.48330233795333655 0134 0439 0967
0.48330233795333655 0060 0829 1261
0.48330233795333655 0067 0323 0755
0.48330233795333655 0088 0323 0439
0.48330233795333655 0060 0116 0837
0.48330233795333655 0036 0060 0067
0.48330233795333655 0067 0257 2234
0.48330233795333655 0067 0621 0718
0.48330233795333655 0258 0621 0718
0.48330233795333655 0043 0067 0068
0.48330233795333655 0060 0627 2544
0.48330233795333655 0067 0479 0625
0.48330233795333655 0060 0177 0418
0.48330233795333655 0060 0116 1261
0.48330233795333655 0036 0060 0488
0.48330233795333655 0067 0436 0479
0.48330233795333655 0018 0060 0325
0.48330233795333655 0067 0299 2160
0.48330233795333655 0067 2160 5408
0.48330233795333655 0060 0191 0767
0.48330233795333655 0067 0625 0627
0.48330233795333655 0067 0805 2160
0.48330233795333655 0067 0481 0625
0.48330233795333655 0088 0880 0881
0.48330233795333655 0067 0083 1025
0.48330233795333655 0067 0083 6031
0.48330233795333655 0067 1025 6031
0.48330233795333655 0083 1025 6031
0.48330233795333655 0060 0164 1908
0.48330233795333655 0060 0436 1908
0.48330233795333655 0164 0436 1908
0.48330233795333655 0060 0340 1397
0.48330233795333655 0060 1093 1397
0.48330233795333655 0036 0067 0088
0.48330233795333655 0060 0325 0479
0.48330233795333655 0060 0088 0177
0.48330233795333655 0018 0479 0621
0.48330233795333655 0067 0418 0439
0.48330233795333655 0060 0362 0377
0.48330233795333655 0060 0362 0378
0.48330233795333655 0362 0377 0378
0.48330233795333655 0060 0545 0628
0.48330233795333655 0060 0967 2042
0.48330233795333655 0060 0067 0378
0.48330233795333655 0000 0060 0479
0.48330233795333655 0018 0481 0621
0.48330233795333655 0060 0067 0196
0.48330233795333655 0000 0479 0544
0.48330233795333655 0479 0481 0544
0.48330233795333655 0088 0450 0686
0.48330233795333655 0088 0686 2229
0.48330233795333655 0067 0117 1129
0.48330233795333655 0036 0067 0416
0.48330233795333655 0067 0416 0628
0.48330233795333655 0060 0062 0573
0.48330233795333655 0060 0479 0628
0.48330233795333655 0018 0060 0088
0.48330233795333655 0060 0580 2026
0.48330233795333655 0590 0591 2928
0.48330233795333655 0036 0416 0627 0628
0.48330233795333655 0000 0067 0418 0726
0.48330233795333655 0036 0060 0655 3182
0.48330233795333655 0064 0067 0755 2665
0.48330233795333655 0064 0067 0755 3598
0.48330233795333655 0064 0067 2665 3598
0.48330233795333655 0064 0755 2665 3598
0.48330233795333655 0067 0755 2665 3598
0.48330233795333655 0060 0327 0328 0838
0.48330233795333655 0060 0327 0756 0838
0.48330233795333655 0060 0327 0838 1129
0.48330233795333655 0060 0328 0756 0838
0.48330233795333655 0060 0328 0838 1129
0.48330233795333655 0060 0756 0838 1129
0.48330233795333655 0327 0328 0756 0838
0.48330233795333655 0327 0328 0838 1129
0.48330233795333655 0327 0756 0838 1129
0.48330233795333655 0328 0756 0838 1129
0.48330233795333655 0018 0479 2848 3647
0.48330233795333655 0036 0416 0628 0967
0.48330233795333655 0018 0164 0436 0479
0.48330233795333655 0060 0164 0436 0479
0.48330233795333655 0018 0036 0479 1261
0.48330233795333655 0018 0060 0479 4126
0.48330233795333655 0067 0299 0628 1026
0.48330233795333655 0067 0299 0628 3598
0.48330233795333655 0067 0299 1026 3598
0.48330233795333655 0067 0628 1026 3598
0.48330233795333655 0299 0628 1026 3598
0.48330233795333655 0134 0323 0439 0967
0.48330233795333655 0067 0258 0621 0718
0.48330233795333655 0067 0083 1025 6031
0.48330233795333655 0060 0164 0436 1908
0.48330233795333655 0060 0340 1093 1397
0.48330233795333655 0060 0362 0377 0378
0.48330233795333655 0067 0117 1129 1975
0.48330233795333655 0036 0067 0416 0628
0.48330233795333655 0036 0060 0479 0628
0.48330233795333655 0064 0067 0755 2665 3598
0.48330233795333655 0060 0327 0328 0756 0838
0.48330233795333655 0060 0327 0328 0838 1129
0.48330233795333655 0060 0327 0756 0838 1129
0.48330233795333655 0060 0328 0756 0838 1129
0.48330233795333655 0327 0328 0756 0838 1129
0.48330233795333655 0067 0299 0628 1026 3598
0.48330233795333655 0060 0327 0328 0756 0838 1129
0.4833023379533361 0060
0.4833023379533361 0067
0.4833023379533361 0088
0.4833023379533361 0036
0.4833023379533361 0323
0.4833023379533361 0439
0.4833023379533361 0627
0.4833023379533361 0060 0067
0.4833023379533361 0323 0439
0.4833023379533361 1129
0.4833023379533361 0018 0060
0.4833023379533361 0018 0479
0.4833023379533361 0060 0479
0.4833023379533361 0060 0088
0.4833023379533361 0067 1129
0.48330233795333566 2160
0.48330233795333566 0628
0.48330233795333566 0060 0362
0.48330233795333566 0036 0060
0.48330233795333566 0060 0323
0.48330233795333566 0067 2160
0.48330233795333566 0036 0067
0.48330233795333566 0067 0439
0.48330233795333566 0060 0418
0.48330233795333566 0018 0323
0.48330233795333566 3598
0.48330233795333566 0060 0177
0.48330233795333566 0067 0470
0.48330233795333566 0036 0628
0.48330233795333566 0470 1129
0.48330233795333566 0067 0470 1129
0.48330233795333566 0088 2099
0.48330233795333566 0060 0116
0.48330233795333566 0067 0479
0.48330233795333566 0067 0299
0.48330233795333566 0299 3598
0.48330233795333566 0299 1129
0.48330233795333566 0060 0453
0.48330233795333566 0060 0436
0.48330233795333566 0060 0748
0.48330233795333566 0067 1022
0.48330233795333566 0060 0272
0.48330233795333566 0060 1043
0.48330233795333566 0060 1129
0.48330233795333566 0067 0323
0.48330233795333566 0060 0416
0.48330233795333566 0067 0325
0.48330233795333566 0088 0686
0.48330233795333566 5408
0.48330233795333566 0000 0067
0.48330233795333566 0067 1043
0.48330233795333566 0060 0838
0.48330233795333566 3644
0.48330233795333566 0060 0174
0.48330233795333566 0067 1419
0.48330233795333566 0060 0524
0.48330233795333566 0067 0116
0.48330233795333566 0479 0481
0.48330233795333566 0088 0479
0.48330233795333566 0060 0661
0.48330233795333566 0060 0621
0.48330233795333566 0060 0909
0.48330233795333566 0060 0745
0.48330233795333566 0060 0211
0.48330233795333566 0018 0439
0.48330233795333566 0056 0060
0.48330233795333566 0060 0755
0.48330233795333566 0088 0627
0.48330233795333566 0042 0067
0.48330233795333566 0045 0060
0.48330233795333566 0036 0479
0.48330233795333566 0060 0393
0.48330233795333566 0088 3644
0.48330233795333566 0944 3644
0.48330233795333566 0067 2396
0.48330233795333566 0060 0332
0.48330233795333566 0067 0748
0.48330233795333566 0323 0439 0479
0.48330233795333566 0021 0060
0.48330233795333566 0060 0587
0.48330233795333566 0067 0721
0.48330233795333566 0036 1185
0.48330233795333566 0088 1227
0.48330233795333566 0416 0628
0.48330233795333566 0060 0376
0.48330233795333566 0060 1151
0.48330233795333566 0067 0532
0.48330233795333566 0060 1120
0.48330233795333566 0088 0755
0.48330233795333566 0067 3523
0.48330233795333566 0060 0330
0.48330233795333566 0067 0378
0.48330233795333566 0060 1026
0.48330233795333566 0018 0088
0.48330233795333566 0060 0686
0.48330233795333566 0299 2101
0.48330233795333566 0036 0416 0628
0.48330233795333566 0060 0323 0439
0.48330233795333566 0035 0060
0.48330233795333566 0067 0218
0.48330233795333566 0067 0164
0.48330233795333566 0060 0104
0.48330233795333566 0060 0639
0.48330233795333566 0323 0362
0.48330233795333566 0060 0395
0.48330233795333566 0060 0250
0.48330233795333566 0067 0435
0.48330233795333566 0060 0726
0.48330233795333566 0067 0596
0.48330233795333566 0060 0115
0.48330233795333566 0060 0792
0.48330233795333566 0060 0656
0.48330233795333566 0060 1022
0.48330233795333566 0060 0967
0.48330233795333566 0067 0805
0.48330233795333566 0067 0330
0.48330233795333566 0005 0067
0.48330233795333566 0627 0628
0.48330233795333566 0060 0191
0.48330233795333566 0067 0587
0.48330233795333566 0067 0117
0.48330233795333566 0067 0211
0.48330233795333566 0067 0525
0.48330233795333566 0362 0627
0.48330233795333566 0067 0183
0.48330233795333566 0060 1025
0.48330233795333566 0060 1950
0.48330233795333566 0037 0060
0.48330233795333566 0067 0591
0.48330233795333566 0067 0436
0.48330233795333566 0060 0832
0.48330233795333566 0067 0827
0.48330233795333566 0060 0539
0.48330233795333566 0067 1160
0.48330233795333566 0067 0339
0.48330233795333566 0060 0926
0.48330233795333566 0756 1129
0.48330233795333566 0060 0369
0.48330233795333566 0060 0335
0.48330233795333566 0040 0060
0.48330233795333566 0067 0159
0.48330233795333566 0067 1261
0.48330233795333566 0060 1350
0.48330233795333566 0060 1638
0.48330233795333566 0067 0677
0.48330233795333566 0323 1110
0.48330233795333566 0323 0479 0544
0.48330233795333566 0434
0.48330233795333566 1486
0.48330233795333566 1546
0.48330233795333566 1865
0.48330233795333566 2816
0.48330233795333566 0060 0064
0.48330233795333566 0060 0086
0.48330233795333566 0067 0500
0.48330233795333566 0060 0514
0.48330233795333566 0060 0545
0.48330233795333566 0060 0697
0.48330233795333566 0067 0792
0.48330233795333566 0067 0967
0.48330233795333566 0060 0470
0.48330233795333566 0067 0191
0.48330233795333566 0067 0726
0.48330233795333566 0060 1125
0.48330233795333566 0088 0439
0.48330233795333566 0060 0525
0.48330233795333566 0060 0889
0.48330233795333566 0067 0467
0.48330233795333566 0018 0164
0.48330233795333566 0018 0436
0.48330233795333566 0067 0697
0.48330233795333566 0000 0479
0.48330233795333566 0060 1662
0.48330233795333566 0067 0987
0.48330233795333566 0323 0755
0.48330233795333566 0755 2099
0.48330233795333566 0060 1051
0.48330233795333566 0060 0457
0.48330233795333566 2160 3598
0.48330233795333566 0067 0083
0.48330233795333566 2099 3877
0.48330233795333566 0000 0439
0.48330233795333566 0067 1051
0.48330233795333566 0060 0503
0.48330233795333566 0060 0995
0.48330233795333566 0060 0693
0.48330233795333566 0244 0323
0.48330233795333566 0067 1975
0.48330233795333566 0060 2026
0.48330233795333566 0479 0573
0.48330233795333566 0481 0627
0.48330233795333566 0060 2218
0.48330233795333566 0299 5408
0.48330233795333566 0060 1225
0.48330233795333566 0060 0240
0.48330233795333566 0018 0060 0481
0.48330233795333566 0036 0627 0628
0.48330233795333566 0067 0628 1026
0.48330233795333566 0323 0439 0544
0.48330233795333566 0036 0067 0628
0.48330233795333566 0088 0755 2099
0.48330233795333566 0018 0036 0479
0.48330233795333566 0067 0299 3598
0.48330233795333566 0323 0439 1110
0.48330233795333566 0067 0323 0439
0.40532470796753284 0327
0.40532470796753284 0328
0.40532470796753284 0327 0328
0.3932219048462886 0299
0.37893795279433906 0699
0.37893795279433906 2029
0.37893795279433906 2868
0.3652607274868851 0470
0.3481662941275854 0481 0621
0.3481662941275845 0748 1120
0.31179864995671025 2229
0.29409907285730874 1242
0.2428057784697586 1107
0.21463490150306264 0721 2868
0.21136862246969468 1662
0.20890422679407727 0686
0.1731474096494967 0019
0.16156915197383803 3523
0.1474955986654347 0068
0.1474955986654347 3380
0.1474955986654347 4315
0.12995998694112565 3232
0.12502274281337566 0706 1620
0.12110884349223916 0464
0.1030475803541826 4542
0.060484221675804584 1223
0.060484221675804584 2440
0.060484221675804584 3519
0.052998945804996644 0077
0.052998945804996644 2938
0.050343516863613935 2403
0.04623110531052088 1185
0.045047407022181574 1070
0.03464980713679999 4126
0.03139159144774695 1824
0.03131721421027933 0513
0.03131721421027933 2332
0.0014642510605975545 0218
0.0013695122671544269 0944
-2.4604785632043047e-05 0544
-0.0007116539366709418 0813
-0.009174147144458189 0018 0325
-0.01864935462333772 0503
-0.0195584859977318 2773
-0.030483812270340138 3082
-0.034825958128520185 2394
-0.034825958128520185 0685
-0.034825958128520185 3881
-0.034825958128520185 0481 1950
-0.034825958128520185 0804 0829
-0.04850231777301861 1067
-0.05236156985282925 0795
-0.05729881398057923 2044
-0.05729881398057923 2305
-0.05729881398057923 3467
-0.05729881398057923 4259
-0.05729881398057923 0481 0967
-0.05729881398057923 0481 0661
-0.06376978990380788 0842
-0.09251920318979323 1068
-0.09366645815145347 1372
-0.10448432694878296 0662
-0.10448432694878296 2357
-0.10448432694878296 6623
-0.1045917844240627 1192
-0.1045917844240627 1808
-0.10991094590166295 1191
-0.11395953442766249 1620
-0.11631878459578537 1764
-0.12283346561697872 2655
-0.12439441172024246 0726
-0.13573687045288718 2246
-0.14381249757734338 0527
-0.14381249757734338 0756
-0.14381249757734338 3051
-0.14381249757734427 1950
-0.14381249757734427 3937
-0.15618681513278787 2042
-0.16265932963840513 2671
-0.16265932963840513 2799
-0.16265932963840513 3849
-0.1697879839806049 0805
-0.17121147176545826 0625
-0.1801801417482185 2101
-0.18698466944255188 0479 0544
-0.18826426014817788 0045 0436
-0.18826426014817788 0377 0378
-0.19260266174677554 0539
-0.19400224210119932 1261
-0.2018800427916867 4399
-0.20443711939377796 1674
-0.20443711939377796 3867
-0.20443711939377796 1151 1975
-0.2065122496800873 0175
-0.2065122496800873 2710
-0.2065122496800873 0339 0499
-0.20835101871491535 0257
-0.20984484260660885 1276
-0.20984484260660885 1394
-0.20984484260660885 1426
-0.20984484260660885 2498
-0.2271978507759762 2230
-0.2271978507759762 4255
-0.2283698856054066 0348
-0.25503813268756836 1940
-0.2579695094427299 2031
-0.2579695094427299 4285
-0.2579695094427299 0036 0039
-0.2579695094427299 0481 0625
-0.2615955332337272 0482
-0.27550512116703896 2226
-0.2773438902018661 2757
-0.2788377140935614 0604
-0.28988755028014523 1074
-0.28988755028014523 1483
-0.28988755028014523 3638
-0.2937526448682588 1025
-0.296856219596239 1381
-0.2979631774046023 1638
-0.3051550224109336 0160
-0.3108665822405099 0377
-0.3261340543712983 0479 0543
-0.32762787826299267 2310
-0.32762787826299267 4987
-0.3379685120183007 0836
-0.34004364230461004 4277
-0.34266335632250966 0136
-0.3433762352311316 3059
-0.34448319303949493 2745
-0.34498088643236 0278
-0.34498088643236 0325 0481
-0.34498088643236 3546
-0.34498088643236 0481 0889
-0.34498088643236 0882
-0.34498088643236 5538
-0.34498088643236 0499 0946
-0.3498616155322529 0748
-0.3501489305751724 1151
-0.35774321940401155 2329
-0.3639955224338669 1014
-0.3639955224338669 1679
-0.3639955224338669 1947
-0.3669560488915531 2848
-0.3669560488915531 1349
-0.3669560488915531 4125
-0.3669560488915531 0486
-0.3669560488915531 0622
-0.3669560488915531 3269
-0.3669560488915531 3587
-0.3669560488915531 4121
-0.3669560488915531 4341
-0.3669560488915531 0418 1808
-0.3669560488915531 0117 1151
-0.3669560488915531 0117 1151 1975
-0.3708153009713637 5555
-0.3738289281793161 0587
-0.3743361561891758 0378
-0.3816950995332684 1822
-0.38222352102234236 1908
-0.38222352102234236 0926
-0.3875405008511561 0946
-0.39150090206725263 3154
-0.39164866148192434 1512
-0.39216639940056375 0264
-0.39512692585824993 0362 2331
-0.4006682641210446 1429
-0.4016416068794433 1110
-0.409188812514826 1043
-0.4105155380687604 0380
-0.41574621306098525 2200
-0.43149457002912417 2792
-0.43149457002912417 0177 2218
-0.4314945700291246 0621
-0.4439170900276812 4297
-0.4491941471285257 3094
-0.4491941471285257 2984
-0.4503414020901859 0481 0524
-0.45211385723186037 1012
-0.4539674258811832 2848 3647
-0.45782667796099386 1142
-0.45830582747978177 1120
-0.46226622869587786 2151
-0.46226622869587874 3181
-0.4692348980119725 0515
-0.47220910707410013 4359
-0.4751696335317863 1213
-0.4788259447348966 0244
-0.48028473419855633 0518
-0.48028473419855633 0242
-0.48028473419855633 0682
-0.48028473419855633 1103
-0.48028473419855633 1770
-0.48028473419855633 3736
-0.48028473419855633 0362 0639
-0.489558370983886 0591
-0.49211919184555875 0159 0362
-0.49446936919051243 0039
-0.49752691505838964 1156
-0.49752691505838964 2083
-0.49752691505838964 6581
-0.5004874415160758 2026
-0.5027575900506154 0159
-0.5038152316087512 1227
-0.5053144822643922 0677
-0.5087862443307714 0721
-0.5152264921577911 1135
-0.5193342735771385 0325
-0.5268047498334498 0450
-0.5268047498334498 1100
-0.5273024432263149 4496
-0.5294749783893282 2331
-0.5336319197005066 0035
-0.5423089363694151 0272
-0.5456515818945107 4238
-0.5456515818945107 0134 0967
-0.549277605685508 1350
-0.549277605685508 0747
-0.549277605685508 1266
-0.549277605685508 0543 0838
-0.549277605685508 0859
-0.549277605685508 5242
-0.549277605685508 1553
-0.549277605685508 0056 0832
-0.549277605685508 0340 1093
-0.5492776056855089 3647
-0.5492776056855089 1225
-0.5492776056855089 0502
-0.565806907636718 2677
-0.5665197865453413 1095
-0.5681244377465697 0743
-0.5681244377465706 0191 0767
-0.5856452498563831 0566
-0.5856452498563831 0824
-0.5882111963133072 0967
-0.5900996002057628 2608
-0.5918372201043036 1585
-0.5927627176252477 1419
-0.5962070379074915 0479
-0.5992880262601696 0693
-0.5992880262601696 2659
-0.6000424785839851 0005
-0.6002308438876534 0018
-0.600570900073059 0596
-0.6033448269557837 1670
-0.6033448269557837 2545
-0.6033448269557846 0350
-0.6138161268230791 1564
-0.6138161268230791 2344
-0.6138161268230791 4651
-0.6153099507147735 1018
-0.6153099507147735 1090
-0.6153099507147735 1206
-0.6153099507147735 5804
-0.6153099507147735 2244
-0.6153099507147735 2985
-0.6153099507147735 0018 0027
-0.617596849662986 0524
-0.6207365696676534 0011 0286
-0.6233855778392305 0115
-0.6233855778392305 0541
-0.6241789138586258 0829
-0.6293203133590444 0033
-0.6293203133590444 1335
-0.6293203133590444 2351
-0.6293203133590444 0362 0718
-0.6293203133590444 0330 0718
-0.6326629588841408 1379
-0.6326629588841408 4267
-0.6326629588841408 0481 0488
-0.6326629588841408 1954
-0.6344354140258153 0600
-0.6359292379175088 0342
-0.6359292379175088 0639
-0.6420526992339806 0838
-0.6434648207452094 1975
-0.6437684491064308 0362
-0.6445877854898328 0379
-0.6516775948856486 0455
-0.6546381213433339 2312
-0.6546381213433339 2432
-0.6546381213433339 5279
-0.6546381213433348 0828 0829
-0.6546381213433348 1673
-0.6584973734231445 5181
-0.6596256628543733 1983
-0.6597617132856071 0042
-0.6670606413418909 1430
-0.6670606413418909 4242
-0.6744407486395136 2057
-0.6744407486395136 2631
-0.6744407486395136 0479 0889
-0.6744407486395136 0541 2478
-0.6744407486395145 0469
-0.6753183265808729 0543
-0.6771147214549753 1101
-0.679330733933706 0766
-0.6798484718523445 1556
-0.681453123053573 0767
-0.6828089983100307 0086
-0.6828089983100307 1794
-0.6874279441663251 0908
-0.6890395480606664 0950
-0.6923784493261822 2544
-0.6942154560252245 0817
-0.6966023204423673 0037
-0.6986209266759387 2218
-0.703428285512766 1342
-0.703428285512766 0177 1225
-0.703428285512766 1637
-0.703428285512766 3531
-0.703428285512766 3658
-0.703428285512766 4671
-0.703428285512766 0116 0330
-0.703428285512766 0116 4242
-0.7034282855127669 0532
-0.7064631892079207 0436
-0.7127056665576772 0746
-0.7163316903486745 0959
-0.7191766424809058 0921
-0.7206704663725993 0110
-0.7206704663725993 1052
-0.7206704663725993 2174
-0.7236309928302864 0369
-0.7306433672443449 0678
-0.7315991624794629 0573
-0.7315991624794629 1957
-0.7315991624794629 0330 0418
-0.7330929863711564 2234
-0.7340117088848466 0499
-0.735863561265921 0514
-0.7377530280538411 0626
-0.7404730936687791 1366
-0.7455087504127746 3784
-0.7468085811429921 0393
-0.7499483011476586 2294
-0.7499483011476595 0427
-0.7499483011476595 0715
-0.7499483011476595 1211
-0.7504459945405246 2194
-0.7504459945405246 1582
-0.7506512985845353 1051
-0.754072018331521 0929
-0.7589981366675769 0117 1975
-0.7628517059835671 1496
-0.7663421109233353 0760
-0.767966806650338 0467
-0.7694606305420315 1842
-0.7724211569997177 1594
-0.7724211569997177 2220
-0.7724211569997177 2359
-0.7724211569997177 2528
-0.7724211569997177 2781
-0.7724211569997177 3559
-0.7724249012593001 1093
-0.7775362576664886 1029
-0.7798012642973404 1026
-0.7798012642973404 0064
-0.7856663837497382 0718
-0.7856663837497386 0590 0591
-0.7856663837497386 0418 1402
-0.7868136387113989 1373
-0.7904396625023962 1064
-0.7944000637184931 0697
-0.7944000637184931 0653
-0.7944000637184931 0488 1183
-0.8005920339664137 2296
-0.8005920339664137 3017
-0.802592034633081 0590
-0.8030581264616079 0661
-0.8045132158108004 0104 0481
-0.8057071346331846 0116
-0.8119037122330872 0481
-0.8159806461769241 1036
-0.8159806461769241 1159
-0.8159806461769241 2288
-0.8169666768820871 0678 0967
-0.8268189733250981 1136
-0.826818973325099 1682
-0.8271073816942769 1022
-0.8301799911519101 0339
-0.830488702214061 0192
-0.8369596781372888 0580
-0.8369596781372888 0680
-0.8369596781372888 2073
-0.8369596781372888 0307
-0.8369596781372888 1457
-0.8369596781372888 2832
-0.8369596781372888 0369 0418
-0.8369596781372888 0330 0987
-0.8369596781372888 0236
-0.8369596781372888 0451
-0.8369596781372888 1147
-0.8369596781372888 2209
-0.8369596781372888 4226
-0.8369596781372888 5811
-0.8369596781372888 1093 1397
-0.8369596781372888 0340 1093 1397
-0.8369596781372897 0164 0436
-0.8369596781372897 2303
-0.8369596781372897 1389
-0.8516987287790041 0000 0018
-0.8524638646732541 0889
-0.8558065101983505 1008
-0.8558065101983505 0269 0270
-0.8594325339893478 0357
-0.86165229072766 0706
-0.86165229072766 0418 0626
-0.8720509979485591 1023
-0.8720509979485591 1771
-0.8720509979485591 2843
-0.8777816726575436 1166
-0.8777816726575436 0117 0908
-0.8777816726575445 0089
-0.8842125629878348 0656
-0.8857498423067209 1602
-0.8857498423067209 0418 3530
-0.8930491447883329 0691
-0.8930491447883329 0828
-0.8952285862612648 0191
-0.8975842999537234 2624
-0.8975842999537234 1249
-0.8975842999537234 2109
-0.8975842999537234 2158
-0.8975842999537234 4343
-0.8996594302400327 1886
-0.9029920231665542 4742
-0.9045966743677836 0985
-0.9089163355122993 2238
-0.9142513524389351 0237
-0.9170023858108252 0465
-0.9170023858108252 1584
-0.9170023858108252 2928
-0.9170023858108252 0022
-0.9170023858108252 1179
-0.9170023858108252 0453 0987
-0.9170023858108252 0340 1397
-0.917002385810826 2098
-0.9203450313359216 2931
-0.9278303072067295 0259
-0.9322698579416135 1316
-0.9322698579416135 0981
-0.9322698579416135 2505
-0.9337636818333079 0409
-0.9343338421624647 0457
-0.9387423724472308 1765
-0.9423201937951156 0062
-0.9547427137936717 1758
-0.9547427137936726 0478
-0.9547427137936726 0623
-0.9547427137936726 0161
-0.9547427137936726 1088
-0.9547427137936726 1610
-0.9547427137936726 0543 3647
-0.9636166449829888 0381
-0.9670128063854868 0337
-0.9670128063854868 0893
-0.9686523017269844 5439
-0.9704910707618115 0020
-0.9730918524618692 0496
-0.976721620512448 2743
-0.976721620512448 2925
-0.980060521777963 1041
-0.9809696531523571 0270
-0.9818975284770053 0545
-0.9821416879817866 1855
-0.9821416879817866 2072
-0.9860717050362524 0104
-0.9911103579645468 0053
-0.9911103579645468 0872
-0.9911103579645468 1108
-0.9911103579645468 2219
-0.9911103579645468 4233
-0.9911103579645468 0332 3530
-0.9911103579645468 0177 0330
-0.9982278257334114 0497 0893
-1.0060360081812236 0335
-1.0088099350639483 4109
-1.0088099350639483 1647
-1.0088099350639483 1688
-1.0088099350639483 2186
-1.0088099350639483 0085 0362
-1.0113130652820672 0293
-1.0146408553747417 0269
-1.0192812349312437 1094
-1.0192812349312437 1232
-1.0230619577711497 0334
-1.0241712202254352 1160
-1.0242221528817952 0666
-1.024701302400583 0332
-1.0262016777758172 2807
-1.0262016777758172 4180
-1.0376303735994403 0340
-1.0376303735994403 2037
-1.048268771804496 3530
-1.050890399963957 0873
-1.0561739513116088 0416
-1.0571427029938123 1617
-1.0601032294514985 3339
-1.0601032294514985 0431
-1.0601032294514985 1440
-1.0601032294514985 3263
-1.0601032294514985 0652
-1.0601032294514985 0599
-1.0601032294514985 0911
-1.0601032294514985 0827 1267
-1.0601032294514985 0177 0418
-1.0601032294514985 1639
-1.0601032294514985 1989
-1.0601032294514985 2093
-1.0601032294514985 2897
-1.0601032294514985 0056 0370
-1.060103229451499 0792
-1.0799058567476782 1057
-1.0847958420418697 1518
-1.0916018965108694 0040
-1.0918519277660792 0827
-1.09381544468099 4193
-1.093815444680991 0687
-1.0969685670152396 0488
-1.09932394260478 0839
-1.1084142441021427 0863
-1.1088933936209306 1467
-1.1088933936209306 1590
-1.1088933936209306 1880
-1.1088933936209306 2913
-1.1132130547654473 0227
-1.1156730806063093 1495
-1.1246417505890696 1123
-1.1246417505890696 1148
-1.1246417505890696 1375
-1.1246417505890696 1437
-1.1246417505890696 1509
-1.1246417505890696 1554
-1.1246417505890696 1613
-1.1246417505890696 3460
-1.126135574480764 0304
-1.1324238910311255 0755
-1.1370642705876266 0519
-1.1423413276884702 0903
-1.1509738585209393 2490
-1.1554134092558233 1004
-1.1554134092558233 0919
-1.1554134092558233 1085
-1.1554134092558233 1098
-1.1554134092558241 1010
-1.1559111026486883 0273
-1.1654637451093253 0491
-1.1694557663788627 0164
-1.169969707030031 0909
-1.1734319147585017 1382
-1.1734319147585017 0791 0792
-1.1761754007042535 0995
-1.1805493825273659 0500
-1.1852663724055041 0961
-1.1852663724055041 1112
-1.1852663724055041 2128
-1.1852663724055041 2954
-1.1852663724055041 3004
-1.1852663724055041 0543 2848
-1.1905997183808679 0987
-1.1936346220760212 3584
-1.1959047706105608 1836
-1.1993962145884276 0021
-1.1998651718266569 1451
-1.1998651718266578 0917
-1.1998651718266578 1371
-1.1998651718266578 1465
-1.1998651718266578 1927
-1.1998651718266578 0418 0827
-1.2016027917251981 0032
-1.208523234569772 0168
-1.208523234569772 0226
-1.2183272346663925 0620
-1.2214457542850892 0000
-1.2310165661944756 0736
-1.2424247862454534 0496 1836
-1.2424247862454534 0937
-1.2424247862454534 0329
-1.2424247862454534 2702
-1.2424247862454534 0113
-1.2424247862454534 0433
-1.2424247862454534 0777
-1.2424247862454534 1561
-1.2424247862454534 0574
-1.2424247862454534 0593
-1.2424247862454534 0840
-1.2424247862454534 0918
-1.2424247862454534 0939
-1.2424247862454534 1289
-1.2424247862454534 1629
-1.2424247862454534 2172
-1.2424247862454534 2202
-1.2424247862454534 4401
-1.2424247862454534 0416 0479
-1.2424247862454534 0362 0909
-1.2424247862454534 0418 0909
-1.246284038325264 0938
-1.2611169192576064 0453
-1.2644036929642288 0426
-1.2658975168559223 0058
-1.2659552836556474 0127
-1.2659552836556474 0498
-1.2659552836556474 1248
-1.2677425942297438 0286
-1.2687568941773222 0603
-1.2698237604335674 0315
-1.274555579599037 0183
-1.2755577210978868 0418
-1.2832467807657082 1217
-1.2832467807657082 1267
-1.286876548816287 0804
-1.2947927717627694 0330
-1.2964920075157291 1810
-1.2964920075157291 1911
-1.2964920075157291 0524 0620
-1.3051245383481973 0880 0881
-1.3069633073830245 1047
-1.3069633073830245 2785
-1.311417657732405 1532
-1.3222504534070554 0996
-1.3224674939189898 0468
-1.3224674939189898 0606
-1.3224674939189898 1851
-1.33431469764498 0177
-1.3415156888896842 0429
-1.3477853019032802 0250
-1.3516445539830908 0497
-1.3516445539830908 0167
-1.3519422432144585 0676
-1.3549027696721438 0087
-1.35658179811084 0351
-1.3602078219018363 2120
-1.3625243525449946 0449
-1.3625243525449946 0968
-1.3643146038544902 0408
-1.367587929199459 0581
-1.367587929199459 1396
-1.3694244770067607 0057
-1.3798773607143628 0310
-1.3805751247262705 0913
-1.3870060150565617 0336
-1.3876067960899512 0370
-1.3965754660727114 0570
-1.3965754660727114 0673
-1.3965754660727114 2594
-1.3965754660727114 0012
-1.3965754660727114 0650
-1.3965754660727114 1568
-1.3965754660727114 1761
-1.3965754660727114 2381
-1.3965754660727114 0177 0650
-1.402288286801845 0851
-1.4094788709086195 0435
-1.4138176469325447 0636
-1.4247463430394083 1125
-1.4247463430394083 0428
-1.4316667858839818 0976
-1.4336202742287245 1195
-1.4347966788929094 1049
-1.438539665171744 0881
-1.443095481707604 0063
-1.443095481707604 0414
-1.443095481707604 0854
-1.443095481707604 1666
-1.443095481707604 2084
-1.443095481707605 2478
-1.446336975631775 0395
-1.4487612192432815 1219
-1.4506316200552618 0547
-1.4521453172275223 1096
-1.4521453172275223 2866
-1.4521453172275223 3078
-1.4559988865435125 1402
-1.465568337559663 1997
-1.465568337559663 0406
-1.4655683375596635 0117
-1.478813564309684 1144
-1.4803073882013775 0121
-1.4827046198026506 0056
-1.4875472442784385 2548
-1.4875472442784385 5481
-1.4875472442784385 0116 0837
-1.4926492961623339 0258
-1.4983581603826535 1259
-1.4983581603826535 0649
-1.4983581603826535 0837
-1.4992805527891546 0874
-1.4993352000304814 0211
-1.4998930801007382 0011
-1.5026131457156762 0120
-1.509053449499402 0791
-1.5158004630459962 0045
-1.5161206167224943 0974
-1.5227267513996114 1183
-1.5301068586972342 0648
-1.5301068586972342 2665
-1.5301068586972342 0683
-1.5301068586972342 1754
-1.5301068586972342 1900
-1.5301068586972346 0240
-1.5456110452331995 1573
-1.5507261458999695 1676
-1.5651981785085045 1525
-1.5669208318199503 0594
-1.570928853217489 0126
-1.5775733959361582 0162
-1.5788970228666663 0770
-1.5788970228666663 0594 1525
-1.5822926118678042 0052
-1.58417407996751 0762
-1.5961392037264996 0982
-1.6070678998333623 0376
-1.6073985329988805 0490
-1.6101495663707706 0571
-1.6101495663707706 1834
-1.6101495663707706 0582
-1.6101495663707706 1869
-1.6197190173869211 0557
-1.621274352337922 2074
-1.625417038501559 1500
-1.6347318097761065 1083
-1.647889894353617 0047
-1.647889894353617 0430
-1.647889894353617 2253
-1.647889894353618 0679
-1.647889894353618 1565
-1.6622823760652992 0879
-1.675288868541732 1821
-1.676181911400036 0729
-1.676181911400036 2406
-1.6770890490458807 0085
-1.6842575385244922 0605
-1.6842575385244922 0669
-1.6842575385244922 3143
-1.6945893051099201 0367
-1.6945893051099201 0489
-1.7019571156238937 2145
-1.7193488583357626 1118
-1.7193488583357626 1529
-1.7330477026939244 0940
-1.7532504100114439 3501
-1.7532504100114439 0153
-1.7532504100114439 0504
-1.7586742217403648 1115
-1.7720972420725056 0701
-1.7730530373076236 0459
-1.7795825179433136 1069
-1.7853424688225266 0247
-1.7860402328344342 2235
-1.7860402328344342 4179
-1.802040574180876 0638
-1.802040574180876 1901
-1.8056968853839872 0601
-1.8088202611662547 0832
-1.8113179552257872 0308
-1.8149439790167836 0027
-1.817788931149015 0681
-1.817788931149015 0694
-1.817788931149015 1897
-1.817788931149015 2570
-1.8234546686846924 0043
-1.82557107159107 0437
-1.8303661501964816 1076
-1.835488508248416 0745
-1.8444197971497376 0525
-1.8485605898157687 0266
-1.8485605898157687 0826
-1.8485605898157687 0912
-1.8485605898157687 1374
-1.855033104321386 0537
-1.8561077954511522 0187
-1.8635984671803092 0081
-1.8710334456678277 0097
-1.8784135529654495 0887
-1.8906410547157773 0880
-1.8930123523866023 0050
-1.8930123523866023 0090
-1.9029957963707864 0655
-1.907401089838702 2809
-1.9145929348450341 2304
-1.924163746754421 1815
-1.9355719668053988 1383
-1.9432119417251155 2260
-1.9432454982683351 0156
-1.9459347538409446 0708
-1.9591024642155928 0568
-1.9629709409935128 0538
-1.9648995818999184 0083
-1.9683617896283891 0346
-1.9896391880756745 1572
-1.9896391880756745 4019
-1.9961965886218334 1942
-2.0032089630358927 0875
-2.0045648382923504 1650
-2.0064942971288557 0196
-2.015614674478935 0139
-2.015614674478935 0008
-2.015614674478935 2834
-2.0459200239742636 0009
-2.0533550024617817 0252
-2.06502613827216 0716
-2.065625095053596 0260
-2.0935818987124675 0280
-2.099875018096675 0046
-2.099875018096675 1397
-2.1074222237320575 0749
-2.1132531440428517 0424
-2.118048222648263 0610
-2.141908399803227 1789
-2.147542217521483 0642
-2.1767340236222865 0193
-2.180694424838383 0914
-2.180694424838383 0560
-2.2006797172186405 0205
-2.2022006300593473 0790
-2.2075056822890406 1976
-2.21067525705032 0846
-2.2154108617961534 0492
-2.2232540392571796 1073
-2.238758225793145 0123
-2.241277165100084 0029
-2.243873326459915 1885
-2.243873326459915 1964
-2.247946651847551 1264
-2.2640760337774344 0713
-2.2720442034266117 0619
-2.285837525558948 0174
-2.28807153933365 0134
-2.289286384286445 0158
-2.303296746930716 0261
-2.3223449419014104 1588
-2.328133670077656 0501
-2.3410370749135625 0385
-2.3499110061028796 0001
-2.3684360491016774 0495
-2.3951042961838382 0423
-2.4295904722550077 0186
-2.4338188083645296 0447
-2.4463975905713893 1102
-2.459306678171118 0108
-2.4710902031617605 0204
-2.4791874133943796 2568
-2.5109361117089604 0956
-2.5861595329465477 1393
-2.592757742931411 0784
-2.607665738167512 0830
-2.6147329053906034 1127
-2.6287191473653433 0730
-2.628719147365344 0180
-2.6493384345680795 0443
-2.6540369553496346 0797
-2.669541141885599 0421
-2.746502183021727 0051
-2.7947042848396046 0867
-2.876555311269925 0195
-2.9099302438938968 0722
-3.079163191304941 1163
-3.1395447711313347 0731
-3.2024084886091706 0082
-3.659832388438196 0188