0.7784568384029926 0105 1835
0.7784568384029922 0757
0.7784568384029922 0028 0255
0.7784568384029922 0026 0105
0.7784568384029922 0031 0233
0.7784568384029922 0105 0194
0.7784568384029922 0105 0234
0.7784568384029922 0105 0282
0.7784568384029922 0028 0233
0.7784568384029922 0105 0716
0.7784568384029922 0105 0338
0.7784568384029922 0105 0188
0.7784568384029922 0026 0234
0.7784568384029922 0105 0651
0.7784568384029922 0105 0158
0.7784568384029922 0188 0294
0.7784568384029921 0105
0.7784568384029921 0234
0.778456838402992 0026
0.778456838402992 0031
0.7784568384029917 0028
0.7784568384029917 0255
0.7784568384029917 0105 0253
0.7784568384029917 0196
0.7784568384029917 0105 0441
0.7784568384029917 0105 0196
0.7784568384029917 0026 0129
0.7784568384029917 0105 0129
0.7784568384029917 0105 0359
0.7784568384029917 0031 0757
0.7784568384029917 0026 0027
0.7784568384029917 0028 0105
0.7784568384029917 0105 0301
0.7784568384029917 0001 0026
0.7784568384029917 0027 0105
0.7784568384029917 0105 0255
0.7784568384029917 0105 0294
0.7784568384029917 0028 0105 0255
0.7784568384029917 0253 0441
0.7784568384029917 0026 0196
0.7784568384029917 0234 0359
0.7784568384029917 0105 0404
0.7784568384029917 0018 0234
0.7784568384029917 0105 0442
0.7784568384029917 0105 0676
0.7784568384029917 0031 0105
0.7784568384029917 0105 1163
0.7784568384029917 0026 0028
0.7784568384029917 0234 0441
0.7784568384029917 0233 0811
0.7784568384029917 0105 0996
0.7784568384029917 0031 0235
0.7784568384029917 0105 0276
0.7784568384029917 0031 0811
0.7784568384029917 0026 0253
0.7784568384029917 0031 0233 0811
0.7784568384029917 0556
0.7784568384029917 0029 0105
0.7784568384029917 0028 0294
0.7784568384029917 0000 0183
0.7784568384029917 0105 0135
0.7784568384029917 0105 0462
0.7784568384029917 0194 0441
0.7784568384029917 0105 0211
0.7784568384029917 0028 0234
0.7784568384029917 0035 0105
0.7784568384029917 0105 0339
0.7784568384029917 0105 0129 0253
0.7784568384029917 0105 0982
0.7784568384029917 0105 1051
0.7784568384029917 0105 0164
0.7784568384029917 0042 0105
0.7784568384029917 0000 0105
0.7784568384029917 0105 0934
0.7784568384029917 0105 0312
0.7784568384029917 0105 0443
0.7784568384029917 0026 0031
0.7784568384029917 0105 0140
0.7784568384029917 0105 1506
0.7784568384029917 0105 0253 0441
0.7784568384029917 1411
0.7784568384029917 0105 0258
0.7784568384029917 0105 0556
0.7784568384029917 0092 0105
0.7784568384029917 0105 1411
0.7784568384029917 0026 0105 0129
0.7784568384029917 2406
0.7784568384029917 0105 0233
0.7784568384029917 0026 0359
0.7784568384029917 0255 0294
0.7784568384029917 0026 0105 0196
0.7784568384029917 0028 0255 0294
0.7784568384029917 0105 0194 0934
0.7784568384029917 0211 0234
0.7784568384029917 0031 1153
0.7784568384029917 0028 0183
0.7784568384029917 0105 0183
0.7784568384029917 0234 1051
0.7784568384029917 0234 0253
0.7784568384029917 0105 0400
0.7784568384029917 0105 0757
0.7784568384029917 0105 0206
0.7784568384029917 0105 0280
0.7784568384029917 0105 0149
0.7784568384029917 0105 1044
0.7784568384029917 0023
0.7784568384029917 0096 0105
0.7784568384029917 0105 0697
0.7784568384029917 0105 0286
0.7784568384029917 0105 0353
0.7784568384029917 0105 0340
0.7784568384029917 0441 0716
0.7784568384029917 1716
0.7784568384029917 0018 0105
0.7784568384029917 0105 0299
0.7784568384029917 0129 0234
0.7784568384029917 0026 0353
0.7784568384029917 0105 0467
0.7784568384029917 0105 0969
0.7784568384029917 0105 0565
0.7784568384029917 0026 0027 0105
0.7784568384029917 5772
0.7784568384029917 0026 0194
0.7784568384029917 0105 0554
0.7784568384029917 0072 0105
0.7784568384029917 0028 0031
0.7784568384029917 0105 1992
0.7784568384029917 0026 0255
0.7784568384029917 0028 0129
0.7784568384029917 0253 2304
0.7784568384029917 0105 0512
0.7784568384029917 0314
0.7784568384029917 1059
0.7784568384029917 0027 0028
0.7784568384029917 0105 0368
0.7784568384029917 0011 0105
0.7784568384029917 0359 0368
0.7784568384029917 0000 0757
0.7784568384029917 0135 0234
0.7784568384029917 0150 0234
0.7784568384029917 0090 0105
0.7784568384029917 0105 1744
0.7784568384029917 0968
0.7784568384029917 2598
0.7784568384029917 0233 0234
0.7784568384029917 0105 0729
0.7784568384029917 0150 0441
0.7784568384029917 0105 0559
0.7784568384029917 0105 0186
0.7784568384029917 0105 0639
0.7784568384029917 0194 0234
0.7784568384029917 0026 0029
0.7784568384029917 0105 0532
0.7784568384029917 0105 0550
0.7784568384029917 0028 0982
0.7784568384029917 0105 0946
0.7784568384029917 0757 5274
0.7784568384029917 0441 0934
0.7784568384029917 0194 0441 0934
0.7784568384029917 1829
0.7784568384029917 0105 0193
0.7784568384029917 0031 0234
0.7784568384029917 0105 0402
0.7784568384029917 0026 0968
0.7784568384029917 0043 0105
0.7784568384029917 0105 0120
0.7784568384029917 0105 0490
0.7784568384029917 1163 1756
0.7784568384029917 0001 0105
0.7784568384029917 0234 0554
0.7784568384029917 0234 0716
0.7784568384029917 0026 0028 0255
0.7784568384029917 0000 0001
0.7784568384029917 0000 0028
0.7784568384029917 0234 0676
0.7784568384029917 0026 0188
0.7784568384029917 0105 0139
0.7784568384029917 0757 1625
0.7784568384029917 0996 1163
0.7784568384029917 0105 0121
0.7784568384029917 0000 0234
0.7784568384029917 0129 0255
0.7784568384029917 0026 0757
0.7784568384029917 0000 0026
0.7784568384029917 0234 0450
0.7784568384029917 0188 0234
0.7784568384029917 0105 2304
0.7784568384029917 2524 5772
0.7784568384029917 0028 0129 0255
0.7784568384029917 0105 0194 0441
0.7784568384029917 0105 0253 0359
0.7784568384029917 3857
0.7784568384029917 0031 0321
0.7784568384029917 0149 0150
0.7784568384029917 0150 0651
0.7784568384029917 0105 1010
0.7784568384029917 0018 0026
0.7784568384029917 0031 0792
0.7784568384029917 0105 0636
0.7784568384029917 0031 1614
0.7784568384029917 0651 2598
0.7784568384029917 0105 0547
0.7784568384029917 0097 0105
0.7784568384029917 0183 0234
0.7784568384029917 0105 1573
0.7784568384029917 0105 0493
0.7784568384029917 0105 0494
0.7784568384029917 0105 0149 0150
0.7784568384029917 0105 0493 0494
0.7784568384029917 1114
0.7784568384029917 3599
0.7784568384029917 0026 0058
0.7784568384029917 0026 0121
0.7784568384029917 0026 0357
0.7784568384029917 0282 0441
0.7784568384029917 0105 0435
0.7784568384029917 0105 0802
0.7784568384029917 0105 0604
0.7784568384029917 0002 0031
0.7784568384029917 0026 0030
0.7784568384029917 0035 0234
0.7784568384029917 0234 0400
0.7784568384029917 0026 0651
0.7784568384029917 0028 0547
0.7784568384029917 0005 0105
0.7784568384029917 0188 0359
0.7784568384029917 0027 0031
0.7784568384029917 0105 2393
0.7784568384029917 0105 0718
0.7784568384029917 0105 0325
0.7784568384029917 0105 3599
0.7784568384029917 0234 0443
0.7784568384029917 0441 1835
0.7784568384029917 0021 0105
0.7784568384029917 0639 0982
0.7784568384029917 0105 3857
0.7784568384029917 0105 2247
0.7784568384029917 0105 0158 0359
0.7784568384029917 1544
0.7784568384029917 1982
0.7784568384029917 2487
0.7784568384029917 0026 0282
0.7784568384029917 0026 0441
0.7784568384029917 0105 0893
0.7784568384029917 0253 0404
0.7784568384029917 0028 0150
0.7784568384029917 0105 0398
0.7784568384029917 0026 0294
0.7784568384029917 0000 0233
0.7784568384029917 0028 0030
0.7784568384029917 0129 0196
0.7784568384029917 0359 1163
0.7784568384029917 0105 0655
0.7784568384029917 0105 1195
0.7784568384029917 0073 0105
0.7784568384029917 0028 0211
0.7784568384029917 0031 0547
0.7784568384029917 0105 0346
0.7784568384029917 0083 0105
0.7784568384029917 0255 0982
0.7784568384029917 0338 0441
0.7784568384029917 0028 0359
0.7784568384029917 0359 0441
0.7784568384029917 0105 0342
0.7784568384029917 0121 0234
0.7784568384029917 0105 0596
0.7784568384029917 0105 0253 0716
0.7784568384029917 0001 0026 0105
0.7784568384029917 0028 0255 0982
0.7784568384029917 0105 0253 2304
0.7784568384029917 0105 0441 0934
0.7784568384029917 0105 0194 0441 0934
0.7784568384029917 0070
0.7784568384029917 0375
0.7784568384029917 1063
0.7784568384029917 1281
0.7784568384029917 1325
0.7784568384029917 1408
0.7784568384029917 2336
0.7784568384029917 2627
0.7784568384029917 0026 0162
0.7784568384029917 0105 1059
0.7784568384029917 0105 0594
0.7784568384029917 0129 0357
0.7784568384029917 0043 0234
0.7784568384029917 0105 0694
0.7784568384029917 0183 0255
0.7784568384029917 0026 0183
0.7784568384029917 0105 0203
0.7784568384029917 0105 0444
0.7784568384029917 0105 0509
0.7784568384029917 0026 0083
0.7784568384029917 0105 0260
0.7784568384029917 0105 0365
0.7784568384029917 0026 2406
0.7784568384029917 0135 0253
0.7784568384029917 0282 0359
0.7784568384029917 0026 0233
0.7784568384029917 0105 2598
0.7784568384029917 0105 0459
0.7784568384029917 0188 1163
0.7784568384029917 0028 0158
0.7784568384029917 0105 0938
0.7784568384029917 0105 1219
0.7784568384029917 0105 0234 0441
0.7784568384029917 0026 0105 0253
0.7784568384029917 0026 0129 0357
0.7784568384029917 0026 0105 0359
0.7784568384029917 0028 0183 0255
0.7784568384029917 0105 0129 0359
0.7784568384029917 0105 0651 2598
0.7784568384029917 0154
0.7784568384029917 0671
0.7784568384029917 1257
0.7784568384029917 1853
0.7784568384029917 2408
0.7784568384029917 2584
0.7784568384029917 3707
0.7784568384029917 0028 0065
0.7784568384029917 0105 0195
0.7784568384029917 0027 0234
0.7784568384029917 0150 0324
0.7784568384029917 0026 0443
0.7784568384029917 0105 0717
0.7784568384029917 0105 0259
0.7784568384029917 0105 0205
0.7784568384029917 0105 0405
0.7784568384029917 0030 0105
0.7784568384029917 0105 0408
0.7784568384029917 0046 0105
0.7784568384029917 0105 0538
0.7784568384029917 0565 1257
0.7784568384029917 0031 1325
0.7784568384029917 0196 0359
0.7784568384029917 0234 0255
0.7784568384029917 0026 0676
0.7784568384029917 0105 0645
0.7784568384029917 0105 1090
0.7784568384029917 0294 1764
0.7784568384029917 0026 1051
0.7784568384029917 0026 0792
0.7784568384029917 0105 1022
0.7784568384029917 0105 0653
0.7784568384029917 0294 0359
0.7784568384029917 0021 0028
0.7784568384029917 0105 0127
0.7784568384029917 0056 0105
0.7784568384029917 0023 0031
0.7784568384029917 0196 0234
0.7784568384029917 0105 0500
0.7784568384029917 0105 4110
0.7784568384029917 0253 0338
0.7784568384029917 0105 0635
0.7784568384029917 0253 0635
0.7784568384029917 0105 0201
0.7784568384029917 0037 0105
0.7784568384029917 0031 0600
0.7784568384029917 0253 0294
0.7784568384029917 0105 0196 0359
0.7784568384029917 0028 0234 0255
0.7784568384029917 0026 0129 0234
0.7784568384029917 0105 0188 0294
0.7784568384029917 0105 0129 0196
0.7784568384029917 0105 0253 0338
0.7784568384029917 0105 0639 0982
0.7784568384029917 0287
0.7784568384029917 0366
0.7784568384029917 1208
0.7784568384029917 1332
0.7784568384029917 1357
0.7784568384029917 1458
0.7784568384029917 1730
0.7784568384029917 2011
0.7784568384029917 2055
0.7784568384029917 2335
0.7784568384029917 2435
0.7784568384029917 2441
0.7784568384029917 2691
0.7784568384029917 0026 0127
0.7784568384029917 0194 0196
0.7784568384029917 0105 0517
0.7784568384029917 0441 0517
0.7784568384029917 0554 0596
0.7784568384029917 0105 0782
0.7784568384029917 0150 0253
0.7784568384029917 0026 0092
0.7784568384029917 0234 0879
0.7784568384029917 0105 0634
0.7784568384029917 0105 0324
0.7784568384029917 0105 1155
0.7784568384029917 0031 1318
0.7784568384029917 0001 0028
0.7784568384029917 0105 0238
0.7784568384029917 0105 0406
0.7784568384029917 0105 0571
0.7784568384029917 0105 1716
0.7784568384029917 0026 0035
0.7784568384029917 0031 0186
0.7784568384029917 0105 0878
0.7784568384029917 0188 0253
0.7784568384029917 0026 0467
0.7784568384029917 0105 2020
0.7784568384029917 0234 0325
0.7784568384029917 0359 0554
0.7784568384029917 0028 0550
0.7784568384029917 0105 2122
0.7784568384029917 0441 2122
0.7784568384029917 0294 0676
0.7784568384029917 0105 1381
0.7784568384029917 0105 1408
0.7784568384029917 0028 0676
0.7784568384029917 0027 0255
0.7784568384029917 0105 2677
0.7784568384029917 0105 0792
0.7784568384029917 0031 2435
0.7784568384029917 0105 2737
0.7784568384029917 0105 0431
0.7784568384029917 0026 0032
0.7784568384029917 0026 0205
0.7784568384029917 0105 0162
0.7784568384029917 0026 0653
0.7784568384029917 0105 0472
0.7784568384029917 0105 0424
0.7784568384029917 0105 0478
0.7784568384029917 0105 0381
0.7784568384029917 0000 1625
0.7784568384029917 0105 1682
0.7784568384029917 0105 1057
0.7784568384029917 0158 0253
0.7784568384029917 0757 5772
0.7784568384029917 0105 5489
0.7784568384029917 0105 5660
0.7784568384029917 0028 0188
0.7784568384029917 1574 4742
0.7784568384029917 0026 0027 0028
0.7784568384029917 0105 0194 0196
0.7784568384029917 0026 0129 0253
0.7784568384029917 0031 0105 0233
0.7784568384029917 0026 0129 0196
0.7784568384029917 0026 0105 0234
0.7784568384029917 0105 0234 0359
0.7784568384029917 0026 0105 1051
0.7784568384029917 0026 0027 0031
0.7784568384029917 0105 0196 0234
0.7784568384029917 0105 0129 0441
0.7784568384029917 1200
0.7784568384029917 1292
0.7784568384029917 1934
0.7784568384029917 3167
0.7784568384029917 5471
0.7784568384029917 5474
0.7784568384029917 8633
0.7784568384029917 0441 0442
0.7784568384029917 0031 0229
0.7784568384029917 0105 0471
0.7784568384029917 0026 0571
0.7784568384029917 0233 0276
0.7784568384029917 0105 0786
0.7784568384029917 0105 0497
0.7784568384029917 0150 0381
0.7784568384029917 0398 0716
0.7784568384029917 0504 0716
0.7784568384029917 0233 0359
0.7784568384029917 0105 1141
0.7784568384029917 0105 1153
0.7784568384029917 0359 0697
0.7784568384029917 0105 0944
0.7784568384029917 0234 0982
0.7784568384029917 0043 0441
0.7784568384029917 0026 1044
0.7784568384029917 0005 0028
0.7784568384029917 0005 0234
0.7784568384029917 0105 0293
0.7784568384029917 0105 1525
0.7784568384029917 0234 1633
0.7784568384029917 0234 0357
0.7784568384029917 0253 0651
0.7784568384029917 0234 0381
0.7784568384029917 0234 0547
0.7784568384029917 0105 0230
0.7784568384029917 0234 0697
0.7784568384029917 0234 0276
0.7784568384029917 0716 2045
0.7784568384029917 0253 0402
0.7784568384029917 0105 0587
0.7784568384029917 0105 2234
0.7784568384029917 0026 0293
0.7784568384029917 0026 0211
0.7784568384029917 0105 0429
0.7784568384029917 0026 0690
0.7784568384029917 0032 0105
0.7784568384029917 0105 0227
0.7784568384029917 0028 0070
0.7784568384029917 0005 0026
0.7784568384029917 0105 1257
0.7784568384029917 0028 0312
0.7784568384029917 0294 0651
0.7784568384029917 0105 0204
0.7784568384029917 0028 0032
0.7784568384029917 0105 2101
0.7784568384029917 0105 3059
0.7784568384029917 0063 0105
0.7784568384029917 0028 0162
0.7784568384029917 0031 1507
0.7784568384029917 0234 0338
0.7784568384029917 0105 0728
0.7784568384029917 0105 0680
0.7784568384029917 0026 0312
0.7784568384029917 0105 0252
0.7784568384029917 0105 0155
0.7784568384029917 0035 0196
0.7784568384029917 0031 0129
0.7784568384029917 0028 0205
0.7784568384029917 0026 0697
0.7784568384029917 0234 1160
0.7784568384029917 0051 0234
0.7784568384029917 0000 0443
0.7784568384029917 0105 2074
0.7784568384029917 0090 0716
0.7784568384029917 0029 0234
0.7784568384029917 0253 0462
0.7784568384029917 0105 0863
0.7784568384029917 0105 4742
0.7784568384029917 0105 0600
0.7784568384029917 0105 0385
0.7784568384029917 5274 5772
0.7784568384029917 0282 0716
0.7784568384029917 0105 0617
0.7784568384029917 0105 0858
0.7784568384029917 0234 0294
0.7784568384029917 0359 0596
0.7784568384029917 0140 0441
0.7784568384029917 0211 0359
0.7784568384029917 0105 0497 0893
0.7784568384029917 0105 0253 0404
0.7784568384029917 0359 1163 1756
0.7784568384029917 0026 0129 0359
0.7784568384029917 0105 0565 1257
0.7784568384029917 0028 0105 0129
0.7784568384029917 0105 0338 0441
0.7784568384029917 0035 0105 0196
0.7784568384029917 0105 0253 0462
0.7784568384029917 0105 0158 0253
0.7784568384029917 0757 5274 5772
0.7784568384029917 0031 0105 0757
0.7784568384029917 0105 0253 0282
0.7784568384029917 0105 0253 0294
0.7784568384029917 0105 0135 0253
0.7784568384029917 0391
0.7784568384029917 0933
0.7784568384029917 1132
0.7784568384029917 1197
0.7784568384029917 1243
0.7784568384029917 1331
0.7784568384029917 1463
0.7784568384029917 1702
0.7784568384029917 1718
0.7784568384029917 1884
0.7784568384029917 1984
0.7784568384029917 2082
0.7784568384029917 2284
0.7784568384029917 2390
0.7784568384029917 2576
0.7784568384029917 3661
0.7784568384029917 7602
0.7784568384029917 0030 0032
0.7784568384029917 0104 0105
0.7784568384029917 0026 0135
0.7784568384029917 0027 0196
0.7784568384029917 0000 0188
0.7784568384029917 0000 0293
0.7784568384029917 0105 0304
0.7784568384029917 0027 0359
0.7784568384029917 0105 0449
0.7784568384029917 0028 0455
0.7784568384029917 0105 0460
0.7784568384029917 0001 0234
0.7784568384029917 0105 0767
0.7784568384029917 0150 0276
0.7784568384029917 0026 0791
0.7784568384029917 0105 0892
0.7784568384029917 0105 0375
0.7784568384029917 0105 0903
0.7784568384029917 0017 0105
0.7784568384029917 0194 0299
0.7784568384029917 0085 0105
0.7784568384029917 0150 0359
0.7784568384029917 0105 0123
0.7784568384029917 0105 0998
0.7784568384029917 0368 0697
0.7784568384029917 0026 0043
0.7784568384029917 0194 0359
0.7784568384029917 0276 0312
0.7784568384029917 0000 0255
0.7784568384029917 0234 1022
0.7784568384029917 0196 0299
0.7784568384029917 0188 0196
0.7784568384029917 0001 0353
0.7784568384029917 0105 1853
0.7784568384029917 0026 0073
0.7784568384029917 0120 0234
0.7784568384029917 0090 0234
0.7784568384029917 0105 1764
0.7784568384029917 0028 0253
0.7784568384029917 0031 0716
0.7784568384029917 0188 1764
0.7784568384029917 0105 1594
0.7784568384029917 0082 0105
0.7784568384029917 0105 0409
0.7784568384029917 0253 1992
0.7784568384029917 0233 0547
0.7784568384029917 0026 0154
0.7784568384029917 0234 1010
0.7784568384029917 0196 0294
0.7784568384029917 0105 2542
0.7784568384029917 0026 0559
0.7784568384029917 0042 0196
0.7784568384029917 0105 0237
0.7784568384029917 0026 0408
0.7784568384029917 0105 1676
0.7784568384029917 0028 0029
0.7784568384029917 0105 0172
0.7784568384029917 0028 1691
0.7784568384029917 0233 0600
0.7784568384029917 0105 0754
0.7784568384029917 0017 0026
0.7784568384029917 0028 1525
0.7784568384029917 0105 1040
0.7784568384029917 0105 2568
0.7784568384029917 0234 0353
0.7784568384029917 0031 1052
0.7784568384029917 0031 2985
0.7784568384029917 0757 1310
0.7784568384029917 0000 0678
0.7784568384029917 0105 1096
0.7784568384029917 0105 0762
0.7784568384029917 0018 0028
0.7784568384029917 0105 5085
0.7784568384029917 0359 1506
0.7784568384029917 0234 1332
0.7784568384029917 0441 1573
0.7784568384029917 0757 5471
0.7784568384029917 0757 5474
0.7784568384029917 0158 0234
0.7784568384029917 0234 2627
0.7784568384029917 0105 4204
0.7784568384029917 0441 0462
0.7784568384029917 0129 0282
0.7784568384029917 0105 2194
0.7784568384029917 0000 0359
0.7784568384029917 0135 0359
0.7784568384029917 0158 0233
0.7784568384029917 0757 2524
0.7784568384029917 2524 5274
0.7784568384029917 0359 0550
0.7784568384029917 0234 0596
0.7784568384029917 0234 0538
0.7784568384029917 0105 0689
0.7784568384029917 0338 0359
0.7784568384029917 0441 0512
0.7784568384029917 0158 0441
0.7784568384029917 0253 2101
0.7784568384029917 0441 2045
0.7784568384029917 0105 0361
0.7784568384029917 0162 0234
0.7784568384029917 0757 1645
0.7784568384029917 0026 0400
0.7784568384029917 0105 1929
0.7784568384029917 0028 0443
0.7784568384029917 0234 0600
0.7784568384029917 0026 1994
0.7784568384029917 0105 0108
0.7784568384029917 0359 0716
0.7784568384029917 0105 1574
0.7784568384029917 0026 0027 0196
0.7784568384029917 0026 0105 0194
0.7784568384029917 0105 0441 0517
0.7784568384029917 0105 0150 0441
0.7784568384029917 0000 0028 0255
0.7784568384029917 0105 0196 0299
0.7784568384029917 0001 0026 0353
0.7784568384029917 0105 0253 0402
0.7784568384029917 0188 0294 1764
0.7784568384029917 0188 0294 0359
0.7784568384029917 0042 0105 0196
0.7784568384029917 0105 0129 0255
0.7784568384029917 0026 0028 0129
0.7784568384029917 0000 0757 1625
0.7784568384029917 0105 0253 0276
0.7784568384029917 0757 2524 5274
0.7784568384029917 0757 2524 5772
0.7784568384029917 2524 5274 5772
0.7784568384029917 0105 0441 0716
0.7784568384029917 0105 0280 0441
0.7784568384029917 0105 0441 1835
0.7784568384029917 0105 0129 0338
0.7784568384029917 0105 0353 0359
0.7784568384029917 0105 0201 0512
0.7784568384029917 0105 0188 0253
0.7784568384029917 0028 0105 0129 0255
0.7784568384029917 0026 0105 0129 0196
0.7784568384029917 0757 2524 5274 5772
0.7784568384029917 0059
0.7784568384029917 0558
0.7784568384029917 0848
0.7784568384029917 0910
0.7784568384029917 1000
0.7784568384029917 1082
0.7784568384029917 1202
0.7784568384029917 1256
0.7784568384029917 1333
0.7784568384029917 1422
0.7784568384029917 1482
0.7784568384029917 1772
0.7784568384029917 1868
0.7784568384029917 2027
0.7784568384029917 2167
0.7784568384029917 2362
0.7784568384029917 2506
0.7784568384029917 2526
0.7784568384029917 2695
0.7784568384029917 2857
0.7784568384029917 2879
0.7784568384029917 2982
0.7784568384029917 3007
0.7784568384029917 3010
0.7784568384029917 3565
0.7784568384029917 3602
0.7784568384029917 3656
0.7784568384029917 4037
0.7784568384029917 4266
0.7784568384029917 4525
0.7784568384029917 4782
0.7784568384029917 5764
0.7784568384029917 5984
0.7784568384029917 6389
0.7784568384029917 7362
0.7784568384029917 8695
0.7784568384029917 8700
0.7784568384029917 0023 0024
0.7784568384029917 0023 0026
0.7784568384029917 0026 0094
0.7784568384029917 0105 0403
0.7784568384029917 0105 0450
0.7784568384029917 0105 0461
0.7784568384029917 0105 0613
0.7784568384029917 0026 0639
0.7784568384029917 0105 0714
0.7784568384029917 0194 0253
0.7784568384029917 0105 0725
0.7784568384029917 0188 0729
0.7784568384029917 0150 0767
0.7784568384029917 0441 0767
0.7784568384029917 0031 0276
0.7784568384029917 0031 0435
0.7784568384029917 0150 0233
0.7784568384029917 0150 0286
0.7784568384029917 0120 0253
0.7784568384029917 0028 0381
0.7784568384029917 0282 0651
0.7784568384029917 0026 1010
0.7784568384029917 0031 0359
0.7784568384029917 0312 0359
0.7784568384029917 0028 1063
0.7784568384029917 0234 0792
0.7784568384029917 0105 0266
0.7784568384029917 0105 1025
0.7784568384029917 0282 0348
0.7784568384029917 0026 1381
0.7784568384029917 0105 0791
0.7784568384029917 0120 0276
0.7784568384029917 0550 0757
0.7784568384029917 0031 1482
0.7784568384029917 0105 1526
0.7784568384029917 0026 0321
0.7784568384029917 0031 1089
0.7784568384029917 0129 0791
0.7784568384029917 0000 0276
0.7784568384029917 0028 0276
0.7784568384029917 0028 0554
0.7784568384029917 0234 1163
0.7784568384029917 0121 0359
0.7784568384029917 0105 0874
0.7784568384029917 0188 0211
0.7784568384029917 0105 0348
0.7784568384029917 0188 0651
0.7784568384029917 0105 0834
0.7784568384029917 0018 1842
0.7784568384029917 0234 0934
0.7784568384029917 0001 1070
0.7784568384029917 0026 0444
0.7784568384029917 0253 0260
0.7784568384029917 0253 0969
0.7784568384029917 0253 0449
0.7784568384029917 0105 0678
0.7784568384029917 0234 0409
0.7784568384029917 0105 2148
0.7784568384029917 0183 0294
0.7784568384029917 0000 0639
0.7784568384029917 0105 1973
0.7784568384029917 0105 1822
0.7784568384029917 0105 2288
0.7784568384029917 0253 0280
0.7784568384029917 0282 0443
0.7784568384029917 0026 0340
0.7784568384029917 0026 0342
0.7784568384029917 0282 0301
0.7784568384029917 0253 1829
0.7784568384029917 0026 1617
0.7784568384029917 0105 0235
0.7784568384029917 0105 0126
0.7784568384029917 0105 2524
0.7784568384029917 0031 2576
0.7784568384029917 0028 2414
0.7784568384029917 0105 1529
0.7784568384029917 0028 1163
0.7784568384029917 0028 1064
0.7784568384029917 0255 1064
0.7784568384029917 0234 0301
0.7784568384029917 0234 0339
0.7784568384029917 0105 1389
0.7784568384029917 0359 0408
0.7784568384029917 0026 0150
0.7784568384029917 0129 0792
0.7784568384029917 0120 0359
0.7784568384029917 0105 2274
0.7784568384029917 0031 0092
0.7784568384029917 0150 0282
0.7784568384029917 0105 2855
0.7784568384029917 0026 0161
0.7784568384029917 0105 1093
0.7784568384029917 0042 2393
0.7784568384029917 0105 2925
0.7784568384029917 0105 1018
0.7784568384029917 0105 0720
0.7784568384029917 0105 0167
0.7784568384029917 0105 1984
0.7784568384029917 0030 1507
0.7784568384029917 0105 2528
0.7784568384029917 0229 1691
0.7784568384029917 0156 0183
0.7784568384029917 0028 0651
0.7784568384029917 0234 0670
0.7784568384029917 0150 1525
0.7784568384029917 0301 0442
0.7784568384029917 0026 1153
0.7784568384029917 0150 0443
0.7784568384029917 0105 1132
0.7784568384029917 0105 0583
0.7784568384029917 0027 0441
0.7784568384029917 0757 1163
0.7784568384029917 0031 1645
0.7784568384029917 0294 1163
0.7784568384029917 0718 1163
0.7784568384029917 0105 0200
0.7784568384029917 0339 0441
0.7784568384029917 0028 0594
0.7784568384029917 0002 1163
0.7784568384029917 0538 0716
0.7784568384029917 0253 0339
0.7784568384029917 0105 1076
0.7784568384029917 0757 1691
0.7784568384029917 0234 0651
0.7784568384029917 0105 2702
0.7784568384029917 0105 2487
0.7784568384029917 0234 0340
0.7784568384029917 0441 1506
0.7784568384029917 0105 0307
0.7784568384029917 0105 0573
0.7784568384029917 0188 3707
0.7784568384029917 0026 0193
0.7784568384029917 0234 0645
0.7784568384029917 0105 2570
0.7784568384029917 0018 1995
0.7784568384029917 0194 0716
0.7784568384029917 0234 1506
0.7784568384029917 0234 0550
0.7784568384029917 0286 0441
0.7784568384029917 0105 1858
0.7784568384029917 0028 0670
0.7784568384029917 0028 1764
0.7784568384029917 0072 0253
0.7784568384029917 0338 0934
0.7784568384029917 0381 0441
0.7784568384029917 0105 2857
0.7784568384029917 0026 0982
0.7784568384029917 0234 0818
0.7784568384029917 0105 1049
0.7784568384029917 0757 0982
0.7784568384029917 0031 0913
0.7784568384029917 0233 1525
0.7784568384029917 0028 0196
0.7784568384029917 0028 0164
0.7784568384029917 0441 1163
0.7784568384029917 0028 1744
0.7784568384029917 0105 2434
0.7784568384029917 0166 0234
0.7784568384029917 0028 0301
0.7784568384029917 0028 0441
0.7784568384029917 0105 2691
0.7784568384029917 0028 1022
0.7784568384029917 0000 0156
0.7784568384029917 0156 0234
0.7784568384029917 0188 0694
0.7784568384029917 0234 0286
0.7784568384029917 0090 0441
0.7784568384029917 0188 0443
0.7784568384029917 0253 2247
0.7784568384029917 0105 0160
0.7784568384029917 0234 1195
0.7784568384029917 0716 8633
0.7784568384029917 0105 0507
0.7784568384029917 0716 5804
0.7784568384029917 0105 5809
0.7784568384029917 0105 5804
0.7784568384029917 0105 1521
0.7784568384029917 0359 1835
0.7784568384029917 0359 0404
0.7784568384029917 0105 0251
0.7784568384029917 0193 0253
0.7784568384029917 0082 0234
0.7784568384029917 0105 0194 0299
0.7784568384029917 0359 0368 0697
0.7784568384029917 0105 0276 0312
0.7784568384029917 0105 0234 0253
0.7784568384029917 0028 0105 0253
0.7784568384029917 0105 0282 0301
0.7784568384029917 0105 0196 0294
0.7784568384029917 0028 0255 1064
0.7784568384029917 0026 0029 0105
0.7784568384029917 0030 0031 1507
0.7784568384029917 0011 0105 0194
0.7784568384029917 0026 0129 0255
0.7784568384029917 0026 0031 0129
0.7784568384029917 0027 0028 0255
0.7784568384029917 0105 0339 0441
0.7784568384029917 0096 0105 0338
0.7784568384029917 0105 0996 1163
0.7784568384029917 0105 0435 1044
0.7784568384029917 0105 0194 0338
0.7784568384029917 0105 0338 0359
0.7784568384029917 0105 0338 0934
0.7784568384029917 0194 0338 0934
0.7784568384029917 0105 0441 0512
0.7784568384029917 0028 0105 0196
0.7784568384029917 0026 0083 0105
0.7784568384029917 0028 0031 0233
0.7784568384029917 0105 0359 0441
0.7784568384029917 0105 0359 0404
0.7784568384029917 0359 0554 0596
0.7784568384029917 0105 1574 4742
0.7784568384029917 0105 0193 0253
0.7784568384029917 0026 0028 0129 0255
0.7784568384029917 0105 0194 0338 0934
0.7784568384029917 0256
0.7784568384029917 0364
0.7784568384029917 0663
0.7784568384029917 0710
0.7784568384029917 10029
0.7784568384029917 1011
0.7784568384029917 1038
0.7784568384029917 10888
0.7784568384029917 1109
0.7784568384029917 1133
0.7784568384029917 1190
0.7784568384029917 1284
0.7784568384029917 1338
0.7784568384029917 1599
0.7784568384029917 1604
0.7784568384029917 1626
0.7784568384029917 1641
0.7784568384029917 1648
0.7784568384029917 1872
0.7784568384029917 2097
0.7784568384029917 2149
0.7784568384029917 2261
0.7784568384029917 2289
0.7784568384029917 2451
0.7784568384029917 2559
0.7784568384029917 2574
0.7784568384029917 2697
0.7784568384029917 2718
0.7784568384029917 2771
0.7784568384029917 2800
0.7784568384029917 2837
0.7784568384029917 3089
0.7784568384029917 3122
0.7784568384029917 3155
0.7784568384029917 3234
0.7784568384029917 3376
0.7784568384029917 3433
0.7784568384029917 3770
0.7784568384029917 3885
0.7784568384029917 4028
0.7784568384029917 4741
0.7784568384029917 4774
0.7784568384029917 4928
0.7784568384029917 4986
0.7784568384029917 4999
0.7784568384029917 5164
0.7784568384029917 5196
0.7784568384029917 5510
0.7784568384029917 5544
0.7784568384029917 5637
0.7784568384029917 5829
0.7784568384029917 6315
0.7784568384029917 6661
0.7784568384029917 6762
0.7784568384029917 6766
0.7784568384029917 6831
0.7784568384029917 6877
0.7784568384029917 6902
0.7784568384029917 6990
0.7784568384029917 7019
0.7784568384029917 7039
0.7784568384029917 7204
0.7784568384029917 7535
0.7784568384029917 7869
0.7784568384029917 9164
0.7784568384029917 9615
0.7784568384029917 9838
0.7784568384029917 0023 0027
0.7784568384029917 0023 0028
0.7784568384029917 0031 0032
0.7784568384029917 0193 0196
0.7784568384029917 0026 0287
0.7784568384029917 0000 0294
0.7784568384029917 0026 0299
0.7784568384029917 0312 0441
0.7784568384029917 0368 0441
0.7784568384029917 0105 0553
0.7784568384029917 0028 0636
0.7784568384029917 0105 0640
0.7784568384029917 0105 0715
0.7784568384029917 0253 0767
0.7784568384029917 0031 0150
0.7784568384029917 0031 0671
0.7784568384029917 0105 0504
0.7784568384029917 0234 0996
0.7784568384029917 0205 0234
0.7784568384029917 0235 0321
0.7784568384029917 0105 1042
0.7784568384029917 0194 0301
0.7784568384029917 0105 0421
0.7784568384029917 0120 0233
0.7784568384029917 0255 1063
0.7784568384029917 0105 0985
0.7784568384029917 0105 1100
0.7784568384029917 0196 0757
0.7784568384029917 0031 0052
0.7784568384029917 0324 1141
0.7784568384029917 0031 1151
0.7784568384029917 1179 1180
0.7784568384029917 0105 0737
0.7784568384029917 0105 1063
0.7784568384029917 0105 1337
0.7784568384029917 0031 0354
0.7784568384029917 0026 1379
0.7784568384029917 0005 0255
0.7784568384029917 0120 0150
0.7784568384029917 0000 0550
0.7784568384029917 0031 0937
0.7784568384029917 0027 0183
0.7784568384029917 0105 0218
0.7784568384029917 0255 0276
0.7784568384029917 0234 1617
0.7784568384029917 0083 0234
0.7784568384029917 0188 0206
0.7784568384029917 0188 1716
0.7784568384029917 0035 0135
0.7784568384029917 0196 0353
0.7784568384029917 0000 0062
0.7784568384029917 0030 0234
0.7784568384029917 0026 1716
0.7784568384029917 0026 0276
0.7784568384029917 0026 0782
0.7784568384029917 0018 0188
0.7784568384029917 0253 0435
0.7784568384029917 0026 1070
0.7784568384029917 0105 1494
0.7784568384029917 0028 0556
0.7784568384029917 0073 0234
0.7784568384029917 0164 0253
0.7784568384029917 0164 0441
0.7784568384029917 0260 0441
0.7784568384029917 0105 1102
0.7784568384029917 0046 2122
0.7784568384029917 0339 0340
0.7784568384029917 0105 2149
0.7784568384029917 0028 0402
0.7784568384029917 0105 0932
0.7784568384029917 0188 0676
0.7784568384029917 0105 0295
0.7784568384029917 0234 1018
0.7784568384029917 0105 2246
0.7784568384029917 0105 0415
0.7784568384029917 0092 0234
0.7784568384029917 0234 0394
0.7784568384029917 0026 0280
0.7784568384029917 0276 0509
0.7784568384029917 0105 1082
0.7784568384029917 0105 0264
0.7784568384029917 0105 2390
0.7784568384029917 0301 0757
0.7784568384029917 0757 2234
0.7784568384029917 0162 0282
0.7784568384029917 0162 0409
0.7784568384029917 0234 1289
0.7784568384029917 0026 1616
0.7784568384029917 0031 1616
0.7784568384029917 0031 1617
0.7784568384029917 0105 0602
0.7784568384029917 0136 0234
0.7784568384029917 0441 2526
0.7784568384029917 0105 1617
0.7784568384029917 1288 1617
0.7784568384029917 0255 2414
0.7784568384029917 0026 0645
0.7784568384029917 0026 1565
0.7784568384029917 0105 2028
0.7784568384029917 0026 0442
0.7784568384029917 0255 0676
0.7784568384029917 0359 1616
0.7784568384029917 0105 0910
0.7784568384029917 0028 0596
0.7784568384029917 0129 0565
0.7784568384029917 0028 0304
0.7784568384029917 0400 1010
0.7784568384029917 0105 1942
0.7784568384029917 0026 0120
0.7784568384029917 0151 0441
0.7784568384029917 0001 0188
0.7784568384029917 0150 0340
0.7784568384029917 0150 1121
0.7784568384029917 0150 1508
0.7784568384029917 0026 0718
0.7784568384029917 0105 1544
0.7784568384029917 0301 2837
0.7784568384029917 0105 0621
0.7784568384029917 0105 0156
0.7784568384029917 0105 1019
0.7784568384029917 0105 0166
0.7784568384029917 0001 0196
0.7784568384029917 0105 0394
0.7784568384029917 0255 0547
0.7784568384029917 0028 1481
0.7784568384029917 0105 1200
0.7784568384029917 0314 0757
0.7784568384029917 0196 1163
0.7784568384029917 0183 0365
0.7784568384029917 0105 0457
0.7784568384029917 0092 0196
0.7784568384029917 0150 1076
0.7784568384029917 0105 3016
0.7784568384029917 0234 2702
0.7784568384029917 0105 3155
0.7784568384029917 0031 1272
0.7784568384029917 0026 0338
0.7784568384029917 0105 1075
0.7784568384029917 0026 0565
0.7784568384029917 0105 1616
0.7784568384029917 0196 1408
0.7784568384029917 0028 0229
0.7784568384029917 1163 1744
0.7784568384029917 0028 0694
0.7784568384029917 0035 0353
0.7784568384029917 0301 0441
0.7784568384029917 0353 0651
0.7784568384029917 0234 1835
0.7784568384029917 0105 0566
0.7784568384029917 0255 0359
0.7784568384029917 0233 0310
0.7784568384029917 0105 1366
0.7784568384029917 0105 0261
0.7784568384029917 0129 0294
0.7784568384029917 0105 0947
0.7784568384029917 0105 1064
0.7784568384029917 0026 1506
0.7784568384029917 0105 0945
0.7784568384029917 0105 0537
0.7784568384029917 0234 1419
0.7784568384029917 0026 1625
0.7784568384029917 0026 0818
0.7784568384029917 1163 1625
0.7784568384029917 0011 0028
0.7784568384029917 0035 0188
0.7784568384029917 0031 0653
0.7784568384029917 0042 0234
0.7784568384029917 0234 0237
0.7784568384029917 0031 0651
0.7784568384029917 0031 1615
0.7784568384029917 0031 0636
0.7784568384029917 0105 1625
0.7784568384029917 0105 0229
0.7784568384029917 0135 0282
0.7784568384029917 0026 0168
0.7784568384029917 0150 0260
0.7784568384029917 0234 0260
0.7784568384029917 0253 1744
0.7784568384029917 0026 2584
0.7784568384029917 0105 2584
0.7784568384029917 0338 1835
0.7784568384029917 0234 4266
0.7784568384029917 0046 0234
0.7784568384029917 0234 0336
0.7784568384029917 0105 0574
0.7784568384029917 0105 0995
0.7784568384029917 0028 0035
0.7784568384029917 0234 4774
0.7784568384029917 0105 1292
0.7784568384029917 0105 4782
0.7784568384029917 0000 0455
0.7784568384029917 0028 0227
0.7784568384029917 0234 0811
0.7784568384029917 0018 0380
0.7784568384029917 0234 2101
0.7784568384029917 0018 0186
0.7784568384029917 0000 0194
0.7784568384029917 0018 0443
0.7784568384029917 0018 0183
0.7784568384029917 0234 1044
0.7784568384029917 0716 0934
0.7784568384029917 0463 0757
0.7784568384029917 0463 5471
0.7784568384029917 0463 5474
0.7784568384029917 5471 5474
0.7784568384029917 0029 0253
0.7784568384029917 0340 0680
0.7784568384029917 0441 2304
0.7784568384029917 0234 1057
0.7784568384029917 0105 0814
0.7784568384029917 0105 4172
0.7784568384029917 0398 1858
0.7784568384029917 0031 1206
0.7784568384029917 0129 0233
0.7784568384029917 0105 0815
0.7784568384029917 0253 2855
0.7784568384029917 0135 0194
0.7784568384029917 0105 1121
0.7784568384029917 0018 0196
0.7784568384029917 0018 0233
0.7784568384029917 0359 0645
0.7784568384029917 0218 0234
0.7784568384029917 0105 5338
0.7784568384029917 0188 5338
0.7784568384029917 0253 0299
0.7784568384029917 0253 1886
0.7784568384029917 1573 2045
0.7784568384029917 0028 0282
0.7784568384029917 0000 0196
0.7784568384029917 0028 1389
0.7784568384029917 0255 1389
0.7784568384029917 0089 0105
0.7784568384029917 0105 0455
0.7784568384029917 0233 0594
0.7784568384029917 0105 0151
0.7784568384029917 0105 1128
0.7784568384029917 0359 0594
0.7784568384029917 0105 0956
0.7784568384029917 0105 1679
0.7784568384029917 0105 3315
0.7784568384029917 0449 2304
0.7784568384029917 0211 0253
0.7784568384029917 0556 0716
0.7784568384029917 0716 0854
0.7784568384029917 0028 0400
0.7784568384029917 0129 0321
0.7784568384029917 0028 1096
0.7784568384029917 0026 0409
0.7784568384029917 0234 0757
0.7784568384029917 0982 1163
0.7784568384029917 0129 0651
0.7784568384029917 0028 0442
0.7784568384029917 0000 0129
0.7784568384029917 0065 0255
0.7784568384029917 0105 1062
0.7784568384029917 0028 0314
0.7784568384029917 0233 1114
0.7784568384029917 0121 0129
0.7784568384029917 0129 1506
0.7784568384029917 0206 1506
0.7784568384029917 0105 0849
0.7784568384029917 0105 0603
0.7784568384029917 0105 3010
0.7784568384029917 0105 0879
0.7784568384029917 0196 0282
0.7784568384029917 0105 2140
0.7784568384029917 0359 0680
0.7784568384029917 0105 0705
0.7784568384029917 0547 0757
0.7784568384029917 0105 6389
0.7784568384029917 0104 0234
0.7784568384029917 0105 2189
0.7784568384029917 0253 1835
0.7784568384029917 0026 2247
0.7784568384029917 0188 0913
0.7784568384029917 0105 5458
0.7784568384029917 0105 2786
0.7784568384029917 0716 2786
0.7784568384029917 2786 5804
0.7784568384029917 0105 0854
0.7784568384029917 0105 1094
0.7784568384029917 0253 0934
0.7784568384029917 0441 1458
0.7784568384029917 0105 1805
0.7784568384029917 1805 3059
0.7784568384029917 0183 3638
0.7784568384029917 0234 4359
0.7784568384029917 0105 1889
0.7784568384029917 0105 8700
0.7784568384029917 0105 0670
0.7784568384029917 0716 1835
0.7784568384029917 0105 0788
0.7784568384029917 0253 0554
0.7784568384029917 0253 9838
0.7784568384029917 2304 9838
0.7784568384029917 0028 2288
0.7784568384029917 1281 1744
0.7784568384029917 0105 0193 0196
0.7784568384029917 0026 0194 0196
0.7784568384029917 0027 0105 0196
0.7784568384029917 0105 0258 0403
0.7784568384029917 0105 0368 0441
0.7784568384029917 0105 0194 0253
0.7784568384029917 0105 0188 0729
0.7784568384029917 0031 0233 0276
0.7784568384029917 0028 0150 0381
0.7784568384029917 0026 0188 0294
0.7784568384029917 0031 0235 0321
0.7784568384029917 0028 0255 1063
0.7784568384029917 0105 0253 1044
0.7784568384029917 0105 0120 0276
0.7784568384029917 0105 0594 1525
0.7784568384029917 0026 0129 0791
0.7784568384029917 0028 0255 0276
0.7784568384029917 0026 0234 0357
0.7784568384029917 0129 0234 0357
0.7784568384029917 0026 0035 0105
0.7784568384029917 0026 0105 0135
0.7784568384029917 0105 0129 0234
0.7784568384029917 0105 0188 0196
0.7784568384029917 0105 0196 0353
0.7784568384029917 0194 0234 0934
0.7784568384029917 0105 0164 0253
0.7784568384029917 0105 0164 0441
0.7784568384029917 0105 0253 0260
0.7784568384029917 0105 0253 0969
0.7784568384029917 0046 0105 2122
0.7784568384029917 0105 0441 2122
0.7784568384029917 0105 0339 0340
0.7784568384029917 0028 0211 0234
0.7784568384029917 0105 0253 0280
0.7784568384029917 0105 0253 1992
0.7784568384029917 0031 0233 0547
0.7784568384029917 0105 0301 0757
0.7784568384029917 0026 0031 0792
0.7784568384029917 0026 0030 0105
0.7784568384029917 0028 0255 0676
0.7784568384029917 0001 0026 0188
0.7784568384029917 0105 0188 0359
0.7784568384029917 0105 0294 0359
0.7784568384029917 0001 0026 0196
0.7784568384029917 0026 0105 0559
0.7784568384029917 0042 0105 2393
0.7784568384029917 0105 0196 1163
0.7784568384029917 0026 0092 0105
0.7784568384029917 0092 0105 0196
0.7784568384029917 0105 0301 0442
0.7784568384029917 0028 0255 0359
0.7784568384029917 0028 0594 1525
0.7784568384029917 0105 0441 1506
0.7784568384029917 0000 0001 0026
0.7784568384029917 0463 0757 5471
0.7784568384029917 0463 0757 5474
0.7784568384029917 0463 5471 5474
0.7784568384029917 0757 5471 5474
0.7784568384029917 0105 0340 0680
0.7784568384029917 0105 0253 0635
0.7784568384029917 0000 0183 0234
0.7784568384029917 0105 0282 0359
0.7784568384029917 0105 0282 0441
0.7784568384029917 0441 1573 2045
0.7784568384029917 0158 0253 0359
0.7784568384029917 0028 0255 1389
0.7784568384029917 0233 0594 1525
0.7784568384029917 0028 0105 0294
0.7784568384029917 0105 0255 0294
0.7784568384029917 0028 0105 0164
0.7784568384029917 0105 0206 0253
0.7784568384029917 0105 0211 0253
0.7784568384029917 0028 0105 0550
0.7784568384029917 0026 0129 0321
0.7784568384029917 0028 0065 0255
0.7784568384029917 0105 0253 0400
0.7784568384029917 0026 0105 0651
0.7784568384029917 0188 0234 0294
0.7784568384029917 0105 0196 0282
0.7784568384029917 0105 0359 1506
0.7784568384029917 0031 0547 0757
0.7784568384029917 0105 0253 1835
0.7784568384029917 0716 2786 5804
0.7784568384029917 0105 0129 0282
0.7784568384029917 0028 0188 0294
0.7784568384029917 0188 0253 0294
0.7784568384029917 0211 0234 0359
0.7784568384029917 0105 0716 1835
0.7784568384029917 0253 2304 9838
0.7784568384029917 0253 0441 0716
0.7784568384029917 0026 0027 0105 0196
0.7784568384029917 0026 0105 0194 0196
0.7784568384029917 0026 0105 0129 0253
0.7784568384029917 0026 0129 0234 0357
0.7784568384029917 0463 0757 5471 5474
0.7784568384029917 0105 0158 0253 0359
0.7784568384029917 0028 0105 0255 0294
0.7784568384029913 0030 0031
0.7784568384029913 0105 0150
0.7711198491718316 0150
0.7679951215316292 0058
0.7583796628321866 0000
0.7270038009604658 0253 0716
0.6848384937620331 2122
0.6827487919564259 0129 0253
0.677834777153997 0158 0359
0.6764702440915169 5274
0.6679998428386815 1163
0.6659928782279869 0441
0.6536687087431554 0000 0018
0.6405966271758032 1036
0.6405966271758032 2288
0.6345466901385475 2247
0.6332748285584939 0001
0.6293653313965506 0716
0.6225781216731248 1842
0.6154955288935784 0651
0.6063758131718515 0493
0.6063758131718515 0494
0.6063758131718515 0493 0494
0.6023754143556053 0110
0.6023754143556053 1052
0.6023754143556053 2174
0.5953259769852668 0294
0.5886762360724509 0359
0.5712848272855746 0455
0.5583949536261903 0301
0.5575856490024194 1756
0.5575856490024194 0280 0441
0.5535852501861731 1206
0.5535852501861731 5804
0.5535852501861731 2244
0.5535852501861731 2985
0.5535852501861731 0018 0027
0.5486967015851738 0253
0.5476373722485475 0613
0.5459595633195364 0018
0.5323237688640834 0005
0.5292400071088323 1195
0.5282674422018836 1095
0.5263331054983151 0737
0.5223195642642589 1128
0.5110656333675268 0253 0359
0.5097027758367298 0233
0.5014854773614164 0811
0.49951802891589736 1135
0.489046729048602 2083
0.489046729048602 6581
0.4885927775154677 0253 0276
0.4885927775154677 2148
0.4761759665300582 0072
0.4735425425126367 4359
0.4735294000948258 1051
0.4542171702174129 0042
0.45222513334459347 2855
0.45222513334459347 0276 0441
0.44810141616073107 0129
0.4420727618805751 0198
0.4420727618805751 1481
0.4420727618805751 0359 1756
0.4379965606038234 0282
0.4270589515651033 0135
0.4270093844599332 0632
0.4270093844599332 1494
0.42447368612997094 0188
0.4240542563778966 2020
0.4240542563778966 0253 0282
0.42005385756165037 0264
0.4184541043715848 0158
0.41410597962402473 1526
0.41410597962402473 2110
0.4085500698419313 1717
0.4037633889615808 0120
0.39943457035891505 1014
0.39943457035891505 1947
0.39189588493398064 0030
0.3875905297159803 1506
0.38368621339077613 3059
0.3832322618576418 0633
0.3832322618576418 0253 0400
0.3832322618576418 0129 0338
0.38082000199055877 0409
0.3791589364700063 0121
0.3729917302948276 0035
0.3712636933922182 2310
0.3679647897268534 0517
0.36754212552726306 0996
0.35506138489094496 0700
0.3535736444377253 1153
0.35291455472402244 0160
0.34313876714514624 0402
0.340011149888114 1074
0.340011149888114 1483
0.340011149888114 3638
0.33999800747030307 1156
0.33999800747030307 1309
0.33999800747030307 0150 1195
0.33704287938826694 0206
0.336624086123952 1625
0.33444209768820965 0120 0121
0.33444209768820965 0129 0441
0.3264717146599345 0235
0.3182412155234191 0982
0.3137488967319668 0547
0.3133886884903778 0550
0.3062712207215128 0927
0.3062712207215128 4987
0.3062712207215128 5338
0.3062712207215128 0253 1044
0.3062712207215128 0834 3315
0.30356322386306456 0312
0.3030331416879166 0670
0.3004210374599916 0002
0.29554624489946946 1556
0.29294902262129074 0947
0.28792208205331704 1805
0.28792208205331704 6642
0.2820199520891009 5660
0.26763121463700124 0342
0.26763121463700124 2414
0.2659031777343923 1276
0.2659031777343923 1394
0.2659031777343923 1426
0.2659031777343923 2498
0.265449226201258 0689
0.265449226201258 0206 0253
0.25806911890363615 0129 0359
0.2552086946384442 0449
0.23484139181401087 1018
0.23463749181247717 1633
0.23372966296131992 0365
0.2298908866541538 0720
0.22507160021820471 0729
0.22221497181392014 3223
0.22221497181392014 4082
0.21884105046756908 0321
0.21884105046756908 4742
0.2140904477089718 0183
0.210472800797052 1614
0.20626226826070893 0676
0.2009107050636869 0878
0.2009107050636869 0353 0359
0.2009107050636869 0704
0.2009107050636869 2786
0.2009107050636869 0281
0.2009107050636869 9835
0.2009107050636869 0253 0353
0.2009107050636869 0856
0.2009107050636869 1131
0.19863834315004958 1310
0.19863834315004958 2542
0.19653529295327132 2234
0.18586047006085593 2246
0.18539311640002953 0405
0.18374973065629874 0304
0.17059299793006755 2655
0.1681477505436444 1159
0.16535236551658272 0380
0.16427657188390699 0353
0.16271894149916122 1764
0.1594176299967689 0802
0.15767645067634906 1592
0.154302529329998 0635
0.1481201420780085 0662
0.1481201420780085 2357
0.1481201420780085 6623
0.14246807168299558 0834
0.13660295223059737 2304
0.13660295223059649 0979
0.13191783357673526 0943
0.13182967347793895 1617
0.13182967347793895 1615
0.13182967347793895 2045
0.1304300931235156 0140
0.12786927226184286 1366
0.12613165236330115 2524
0.12453037099632791 0717
0.12453037099632791 1574
0.12086799739015053 0634
0.11705835615762705 1090
0.11685445615609424 1774
0.11685445615609336 1164
0.11685445615609336 1493
0.11685445615609336 1679
0.11685445615609336 1955
0.10940720942210724 1155
0.10560052525936214 5809
0.1018198024194561 0604
0.09555018940586102 0584
0.08530965784304634 0324
0.08530965784304634 0636
0.08530965784304634 1337
0.08530965784304634 1822
0.0831276694073031 1921
0.0831276694073031 0121 0253
0.07336934421635544 0462
0.0662614628723519 0381
0.05545669469336545 0639
0.050823481771877344 0029
0.047569329860199794 1381
0.04676002523642886 1288
0.03758564896038763 0969
0.031242436572770593 1089
0.029220191192003142 0450
0.02906044813702824 1886
0.024685036026611762 0239
0.024685036026611762 5087
0.021544276351768588 2031
0.014588749453485761 0018 0325
0.006754690622729598 3560
0.002617941997933748 0600
-0.0023608088602866673 0218
-0.01000052196127843 1093
-0.020050857814779555 1935
-0.022232846250522798 3315
-0.022232846250522798 0195 0441
-0.02388963412194567 1744
-0.02772677265501411 1033
-0.03247337781333748 0348
-0.0482217347814764 0033
-0.0482217347814764 0945
-0.0482217347814764 1075
-0.0482217347814764 0201 0512
-0.05255055338414216 0513
-0.05255055338414216 2332
-0.055022669073513164 1062
-0.05795092885260189 0512
-0.06145355940380437 5458
-0.0642220761279173 0467
-0.06526320063632784 0404
-0.06546710063786065 1657
-0.06546710063786065 2372
-0.06884102198421171 1141
-0.06884102198421171 0354
-0.07704157339243789 1070
-0.08654059908361322 1521
-0.08654059908361322 2216
-0.08654059908361322 2528
-0.08654059908361322 1616 1617
-0.08904372930173121 0694
-0.09058100862061735 0680
-0.09701189895090856 0361
-0.10274257365989303 0596
-0.10393234179548161 0697
-0.10393234179548205 0998
-0.10884635659791098 0203
-0.10884635659791098 1973
-0.10884635659791098 4204
-0.10884635659791098 0340 1093
-0.10924422324015293 0259
-0.11536103761910432 0725
-0.11536103761910432 1040
-0.11754302605484757 3348
-0.11754302605484757 0253 1506
-0.11754302605484757 0359 2274
-0.11948475480296672 1507
-0.1195343219081364 0461
-0.1225452009560728 0027
-0.12599943582416095 2393
-0.13556153155752604 0253 0258
-0.13783389347116337 0283
-0.13783389347116337 0307
-0.13783389347116337 1858
-0.13783389347116337 0905
-0.13783389347116337 2209
-0.13783389347116337 0354 2570
-0.14550980831139793 1086
-0.15310136560195176 0840
-0.1548314698397344 0194 0934
-0.16155042008847964 0073
-0.16600477043786022 2274
-0.17065285136879638 0863
-0.17705460662444406 1616
-0.18435390910605598 0538
-0.1857251811755778 1835
-0.19094371878511218 1318
-0.19094371878511218 2434
-0.19427520437611534 1525
-0.20237241460873445 2737
-0.20237241460873445 5476
-0.203356182518867 0194
-0.2045544030444777 0142
-0.2045544030444777 5724
-0.22007199170813507 0934
-0.2331440732754877 0090
-0.24011274259158188 0094
-0.24319440912898926 0368
-0.24319440912898926 0398
-0.24739609598268952 0653
-0.2511625787781666 1806
-0.2511625787781666 2049
-0.2511625787781666 2436
-0.25346407576644614 0186
-0.2556169291275472 2570
-0.25862162431475255 0631
-0.26299703642516903 0597
-0.26299703642516903 1143
-0.26299703642516903 1994
-0.26299703642516903 2359
-0.26299703642516903 0011 0194
-0.26608822899484164 0340
-0.26645127129325674 0554
-0.2675117167796959 0430
-0.2675117167796959 0938
-0.2690929241820488 1429
-0.2690929241820488 2356
-0.27518763161993043 1682
-0.27601336702662227 1645
-0.27759583584632175 0166
-0.27759583584632175 0295
-0.27759583584632175 1121
-0.27759583584632175 1289
-0.27759583584632175 1699
-0.27759583584632175 2114
-0.280150115651419 1096
-0.28241512228227084 0229
-0.28241512228227084 0230
-0.28241512228227084 0352
-0.28861065195207036 0743
-0.29605789868605736 0065
-0.29726871469518557 0767
-0.3018558787020913 3016
-0.30245587316571676 0594 1525
-0.3066838981208573 0280
-0.3099149187023036 1992
-0.3099149187023036 0359 0604
-0.3201554502651174 0580
-0.32015545026511827 0151
-0.32015545026511827 0024
-0.32015545026511827 0599
-0.32015545026511827 1042
-0.32015545026511827 1006
-0.32015545026511827 1687
-0.32015545026511827 3651
-0.34314496848981646 0092
-0.34368594767531224 2101
-0.3441805031068812 0156
-0.3454732582494078 1389
-0.35294527308810864 4110
-0.35314917308964233 1951
-0.35314917308964233 3174
-0.35438862190736 0443
-0.3586217310929145 0127
-0.35870508287173575 0509 0878
-0.3609774447853731 0357
-0.3609774447853731 0714
-0.3609774447853731 1019
-0.362705481687982 0019
-0.3666754659000109 1629
-0.3666754659000109 2189
-0.3725234357824343 0286
-0.3742226715353931 0408
-0.38469397140268935 0126
-0.38469397140268935 1508
-0.38469397140268935 0194 0338
-0.3891483217520699 1064
-0.39161441424726284 0728
-0.40019815793865376 0504
-0.40019815793865465 2925
-0.40019815793865465 0236
-0.40019815793865465 1066
-0.40019815793865465 1147
-0.40019815793865465 1180
-0.40019815793865465 1293
-0.40019815793865465 1596
-0.40019815793865465 1728
-0.40019815793865465 2193
-0.40019815793865465 0276 0286
-0.40019815793865465 0139 0442
-0.4177939198290339 0532
-0.42551596592294416 0145
-0.4276979543586874 0712
-0.4319468562532349 0594
-0.4345658014428624 0583
-0.4379384859215012 0063
-0.4420452678741542 1691
-0.4453185932191239 0168
-0.4453185932191239 0052 0166
-0.4453185932191239 1192
-0.4453185932191239 1457
-0.4453185932191239 1989
-0.4453185932191239 3993
-0.4453185932191239 0037 0554
-0.4484593528939671 1995
-0.4487728280872121 1057
-0.453686842889641 0055
-0.453686842889641 0257
-0.453686842889641 0705
-0.453686842889641 1360
-0.453686842889641 1929
-0.4658672614465118 0782
-0.47093220874602526 2194
-0.4743061300923763 0201
-0.4743061300923763 1406
-0.4743061300923763 1179
-0.4743061300923763 1553
-0.4743061300923763 2300
-0.4743061300923763 7121
-0.47603416699498524 1662
-0.49005448706051524 0459
-0.49005448706051524 0571
-0.4929111154648007 1379
-0.4945088374098958 1568
-0.49850085867943283 0276
-0.4999485607057137 1573
-0.5021847522501295 0879
-0.5024770070590732 0406
-0.5024770070590732 3460
-0.5142553798151832 0944
-0.5208261457272689 0932
-0.5208261457272689 0675
-0.5208261457272689 1602
-0.5298759812471872 0533
-0.5314645439323251 0792
-0.5337295505631765 0645
-0.5337295505631774 0854
-0.5337295505631774 1094
-0.5337295505631774 1465
-0.5388446512299474 0097
-0.5415881371756983 0043
-0.543299001579328 0112
-0.543299001579328 0232
-0.543299001579328 1272
-0.543299001579328 2344
-0.5506791088769498 0669
-0.5652779082981025 0155
-0.5714698785460239 0652
-0.5714698785460239 2296
-0.5760888244023183 5489
-0.5762927244038512 2394
-0.5796666457502022 0037
-0.5806865336509479 1010
-0.5898190172142206 0791
-0.6010578357315199 0339
-0.6078375227168991 0139
-0.6078375227168991 0242
-0.6078375227168991 3093
-0.6078375227168991 1046
-0.6100195111526414 4172
-0.6100195111526414 0258 0403
-0.6161363255315937 0021
-0.6250828885732833 1115
-0.6250828885732833 0955
-0.6271511416373428 0946
-0.635236496905013 0161
-0.6406273455398894 0227
-0.6408312455414222 2074
-0.642928842528169 0565
-0.6429288425281694 2108
-0.6429288425281694 2433
-0.6455778506997456 0159
-0.6566276868863312 0588
-0.6684621445333336 1123
-0.6684621445333336 1282
-0.6684621445333336 1375
-0.6768303942038507 0527
-0.6878802303904354 0431
-0.6878802303904354 0574
-0.697449681406586 0522
-0.6996450719700213 0587
-0.7031477025212238 2913
-0.7101163718373167 0211
-0.7153800268104682 0403
-0.7181855798857644 0052
-0.7256205583732829 3004
-0.7475994650920574 1181
-0.7517317023769681 0260
-0.7540200328949807 0718
-0.7619882025441571 0872
-0.7619882025441571 1594
-0.7679229380639714 0162
-0.7721405740081755 0238
-0.7721405740081755 1529
-0.7796877796435577 2702
-0.7796877796435586 2202
-0.7796877796435586 2768
-0.7821447786080005 0325
-0.7837281891805628 0017
-0.787178451372716 0913
-0.8056632660468184 1012
-0.810690206614793 0460
-0.810690206614793 0251
-0.8257280839793326 0892
-0.8287087121174714 0603
-0.8309810740311088 0593
-0.8309810740311088 1330
-0.8451657090230653 0258
-0.8489995795337872 1025
-0.8518151609339504 0509
-0.8591519509978056 0200
-0.8637708968540991 2054
-0.8702017871843903 1900
-0.8797712382005409 1715
-0.8797712382005409 0161 0620
-0.8837774241518126 0141
-0.8865509251859196 2594
-0.8907003087327308 0664
-0.8955195951686798 0815
-0.9050890461848304 0346
-0.9058823822042261 0293
-0.9079421151672369 0351
-0.9079421151672369 3606
-0.9093129173010159 0032
-0.9132191722680805 0062
-0.9262912538354335 0444
-0.9262912538354335 0429
-0.9262912538354335 1248
-0.9262912538354335 0172
-0.9262912538354335 0951
-0.9262912538354335 2381
-0.9262912538354335 3046
-0.927554546754104 0167
-0.9316245998107964 0478
-0.9319906570830545 0400
-0.934521752971949 0252
-0.9363415896889347 2677
-0.9391946586713411 0893
-0.9391946586713411 1440
-0.940935837991761 0192
-0.9443097593381116 0046
-0.944309759338112 0553
-0.9487641096874926 0602
-0.9555211544932485 1889
-0.9561442169851144 0427
-0.9561442169851144 0961
-0.9620093364375126 1942
-0.9622401047419937 0690
-0.9645124666556315 2028
-0.9707430164062671 0320
-0.9707430164062671 1666
-0.9777442912779595 2583
-0.9794010791493823 0226
-0.9851317538583668 0463
-0.9930117634087479 0489
-0.9946104978129107 0790
-1.0003992259891552 0786
-1.0133026308250637 0433
-1.0133026308250637 0726
-1.0133026308250637 1167
-1.0133026308250637 2105
-1.0133026308250637 0011 0286
-1.02366541786061 0858
-1.025137088472066 0011
-1.0270959529573984 0818
-1.0277547118526202 5085
-1.0407016050131777 0849
-1.0541246253453185 0788
-1.0598226464599563 0497 0893
-1.0673698520953385 1565
-1.0739272526414982 1676
-1.0822955023120153 0566
-1.100314007814693 0123
-1.109093695466739 0338
-1.1186631464828896 0620
-1.1257806142517537 0266
-1.1310856664814466 2943
-1.1318185270877494 0104
-1.1640793893059707 2140
-1.1674533106523213 0442
-1.1674533106523217 0502
-1.1674533106523217 1638
-1.1853836560562034 0472
-1.1956241876190186 1377
-1.1956241876190186 1537
-1.2049013838262255 0310
-1.2086113831458292 0490
-1.2139733262872143 0089
-1.2230231618071326 0715
-1.2280779324687563 0164
-1.2364461821392734 0985
-1.2433190614270346 1044
-1.258425088858048 1120
-1.2617178588698867 0678
-1.2627634904566465 0762
-1.2786789457625463 0500
-1.2806938358605287 0640
-1.3009847032768445 0937
-1.3009847032768445 0693
-1.3178865140794476 0193
-1.318684280376245 0471
-1.324515200687038 1022
-1.3251455984313623 1069
-1.3256773158672157 0096 0338
-1.3317563619435981 1100
-1.3317563619435981 3834
-1.3360760230881144 1219
-1.3428673735186138 0082
-1.3550519245471193 0435
-1.3572339129828626 0318
-1.3681240061144724 0385
-1.3762081245144318 0956
-1.38102741095038 1049
-1.3810274109503808 0379
-1.390596861966531 0237
-1.3905968619665314 0903
-1.4187677389332274 0136
-1.4187677389332274 0421
-1.4187677389332274 1419
-1.4187677389332278 0244
-1.4187677389332283 0316
-1.4187677389332283 0319
-1.4187677389332283 5447
-1.432561061065563 1160
-1.437116877601424 0889
-1.4407466456520028 0205
-1.4407466456520028 0378
-1.4461667131213423 2848
-1.4728349602035031 0086
-1.4803256319326614 0995
-1.4808478689500397 0814
-1.4859070417708562 0655
-1.4902267029153724 0051
-1.4927040841767623 0299
-1.4988104466067638 0754
-1.4988104466067638 1151
-1.5038373871747384 0874
-1.5097395171389545 0296
-1.5241282545910542 0410
-1.5241282545910542 0518
-1.5241282545910542 1423
-1.539395726721842 0195
-1.543930881887234 1885
-1.5508523644019823 1076
-1.5569472124886867 0108
-1.5633489677443357 0713
-1.5788725731176525 0497
-1.5823971627150302 1810
-1.5964489161706803 0437
-1.6010892957271823 0261
-1.6041709622645905 2568
-1.637368779799261 0880
-1.6410034613962798 1136
-1.6823522598059482 0457
-1.685396402187176 0560
-1.6899396668085993 2260
-1.7168125984205553 0336
-1.7270690985877444 0621
-1.7436288146267627 0394
-1.7472718059052639 0435 1044
-1.7472718059052639 0039
-1.8316129543390147 0507
-1.8783000683116677 0749
-1.8785308366161493 1815
-1.9146677124825424 0085
-1.9295933626992188 1227
-1.936237905417887 0559
-1.9653114453012979 0424
-1.9688140758524995 0524
-1.9704153572194736 0204
-1.97838352686865 2096
-2.009636070372755 0081
-2.0547565056532244 0096
-2.095914578146732 0573
-2.097187112782929 0083
-2.122964755679758 0914
-2.139313893681287 0617
-2.160705083662605 0056
-2.2172754351509996 1102
-2.2296979551495566 1264
-2.2580974296712544 0415
-2.2973181428245355 0487
-2.3678482936303737 0395
-2.6474331558495354 0250
-2.6493670183744857 0149
-2.811982542897692 0537