0.5259269691416835 0448
0.5259269691416835 0390 0425
0.5259269691416835 0038 0066
0.5259269691416835 0317 0563
0.5259269691416835 0038 0390
0.5259269691416835 0129 0390
0.5259269691416835 0038 0066 0400
0.5259269691416835 0389 0390
0.5259269691416835 0390 0473
0.5259269691416835 0390 0448
0.5259269691416835 0066 0317
0.5259269691416835 0180 0390
0.5259269691416835 0092 0390
0.5259269691416835 0390 2050
0.5259269691416835 0317 0497
0.5259269691416835 0038 0448
0.5259269691416835 0317 0548
0.5259269691416835 0390 0880
0.5259269691416835 0038 0473
0.5259269691416835 0174 0390
0.5259269691416835 0204 0390
0.5259269691416835 0545
0.5259269691416835 0317 0545
0.5259269691416835 0066 0390
0.5259269691416835 0425 0448
0.5259269691416835 0317 0447
0.5259269691416835 0078 0390
0.5259269691416835 0038 0078
0.5259269691416835 0108 0390
0.5259269691416835 0038 0797
0.5259269691416835 0448 0473
0.5259269691416835 0038 0253
0.5259269691416835 0038 0441
0.5259269691416835 0038 1048
0.5259269691416835 0475
0.5259269691416835 0038 0096
0.5259269691416835 0353 0390
0.5259269691416835 0390 0745
0.5259269691416835 0038 0108
0.5259269691416835 0038 0487
0.5259269691416835 0390 0807
0.5259269691416835 0038 0389
0.5259269691416835 0390 0475
0.5259269691416835 0317 0400
0.5259269691416835 0280 0390
0.5259269691416835 0389 0548
0.5259269691416835 0317 1815
0.5259269691416835 0317 2068
0.5259269691416835 0317 0892
0.5259269691416835 0038 0415
0.5259269691416835 0317 0576
0.5259269691416835 0317 0390 0448
0.5259269691416835 0167 0390
0.5259269691416835 0317 0441
0.5259269691416835 0038 0338
0.5259269691416835 0038 0745
0.5259269691416835 0339 0390
0.5259269691416835 0390 0797
0.5259269691416835 0317 1889
0.5259269691416835 0038 0554
0.5259269691416835 0317 0495
0.5259269691416835 0390 0416
0.5259269691416835 0317 0797
0.5259269691416835 0390 0874
0.5259269691416835 0390 0786
0.5259269691416835 0390 0460
0.5259269691416835 0317 0487
0.5259269691416835 0367 0390
0.5259269691416835 0390 2260
0.5259269691416835 0038 0288
0.5259269691416835 0282 0390
0.5259269691416835 0038 0206
0.5259269691416835 0853
0.5259269691416835 0034 0317
0.5259269691416835 0038 1992
0.5259269691416835 0066 0548
0.5259269691416835 0390 1837
0.5259269691416835 0108 0389
0.5259269691416835 0873 0874
0.5259269691416835 0390 0762
0.5259269691416835 0195 0317
0.5259269691416835 0317 0814
0.5259269691416835 0390 0453
0.5259269691416835 0038 1821
0.5259269691416835 0204 0317
0.5259269691416835 0317 0745
0.5259269691416835 0038 0294
0.5259269691416835 0038 0083
0.5259269691416835 0390 0563
0.5259269691416835 0317 0440
0.5259269691416835 0038 0442
0.5259269691416835 0317 1263
0.5259269691416835 0338 0390
0.5259269691416835 0038 0280
0.5259269691416835 0082 0390
0.5259269691416835 0038 1744
0.5259269691416835 0390 0442
0.5259269691416835 0390 0425 0448
0.5259269691416835 3575
0.5259269691416835 0038 0547
0.5259269691416835 0389 0447
0.5259269691416835 0038 1889
0.5259269691416835 0038 0158
0.5259269691416835 0037 0390
0.5259269691416835 0548 2037
0.5259269691416835 0038 0258
0.5259269691416835 0390 1834
0.5259269691416835 0121 0390
0.5259269691416835 0038 2260
0.5259269691416835 0390 2068
0.5259269691416835 0448 0548
0.5259269691416835 0317 0425 0448
0.5259269691416835 0551
0.5259269691416835 3469
0.5259269691416835 0390 0509
0.5259269691416835 0390 0495
0.5259269691416835 0317 1119
0.5259269691416835 0390 1073
0.5259269691416835 0389 0425
0.5259269691416835 0012 0390
0.5259269691416835 0317 1836
0.5259269691416835 0390 3469
0.5259269691416835 0390 1815
0.5259269691416835 0038 0731
0.5259269691416835 0038 0276
0.5259269691416835 0038 0066 0548
0.5259269691416835 0390 0776
0.5259269691416835 0038 0164
0.5259269691416835 0092 0317
0.5259269691416835 0038 0946
0.5259269691416835 0276 0317
0.5259269691416835 0251 0317
0.5259269691416835 0136 0390
0.5259269691416835 0390 1959
0.5259269691416835 0317 0571
0.5259269691416835 0258 0390
0.5259269691416835 0038 0460
0.5259269691416835 0317 0442
0.5259269691416835 0317 5327
0.5259269691416835 0038 5085
0.5259269691416835 0038 0576
0.5259269691416835 0390 5679
0.5259269691416835 0317 0389 0448
0.5259269691416835 3119
0.5259269691416835 0390 0421
0.5259269691416835 0038 0443
0.5259269691416835 0317 0459
0.5259269691416835 0390 0551
0.5259269691416835 0280 0317
0.5259269691416835 0317 0851
0.5259269691416835 0425 1102
0.5259269691416835 0390 0716
0.5259269691416835 0317 0412
0.5259269691416835 0548 0554
0.5259269691416835 0038 0687
0.5259269691416835 0447 0548
0.5259269691416835 0390 1992
0.5259269691416835 0127 0390
0.5259269691416835 0390 0443
0.5259269691416835 0390 0498
0.5259269691416835 0317 0496
0.5259269691416835 0129 0548
0.5259269691416835 0038 0204
0.5259269691416835 0317 0338
0.5259269691416835 0251 0390
0.5259269691416835 0317 0754
0.5259269691416835 0390 0579
0.5259269691416835 0390 2583
0.5259269691416835 0390 2422
0.5259269691416835 0317 0640
0.5259269691416835 0038 0317 0400
0.5259269691416835 0096 0317 0473
0.5259269691416835 0066 0317 0448
0.5259269691416835 0317 0496 1836
0.5259269691416835 0129 0390 0548
0.5259269691416835 0038 0066 0317 0400
0.5259269691416835 0164 0390
0.5259269691416835 0038 0195
0.5259269691416835 0317 0472
0.5259269691416835 0425 0770
0.5259269691416835 0038 0853
0.5259269691416835 0317 0443
0.5259269691416835 0317 1048
0.5259269691416835 0390 0547
0.5259269691416835 0390 0512
0.5259269691416835 0390 0474
0.5259269691416835 0317 0389 0390
0.5259269691416835 0066 0390 0400
0.5259269691416835 1840
0.5259269691416835 3384
0.5259269691416835 0390 0603
0.5259269691416835 0029 0390
0.5259269691416835 0390 0520
0.5259269691416835 0390 0497
0.5259269691416835 0294 0317
0.5259269691416835 0389 0554
0.5259269691416835 0038 0892
0.5259269691416835 0038 0559
0.5259269691416835 0390 0415
0.5259269691416835 0448 1102
0.5259269691416835 0038 3078
0.5259269691416835 0038 0403
0.5259269691416835 0229 0317
0.5259269691416835 0390 5085
0.5259269691416835 0390 1889
0.5259269691416835 0038 0412
0.5259269691416835 0389 0390 0473
0.5259269691416835 0317 0389 0473
0.5259269691416835 0129 0359 0390
0.5259269691416835 1818
0.5259269691416835 4151
0.5259269691416835 4193
0.5259269691416835 0317 0359
0.5259269691416835 0317 0446
0.5259269691416835 0390 0678
0.5259269691416835 0425 0512
0.5259269691416835 0172 0390
0.5259269691416835 0038 0782
0.5259269691416835 0317 0453
0.5259269691416835 0390 0734
0.5259269691416835 0038 0167
0.5259269691416835 0390 0666
0.5259269691416835 0294 0390
0.5259269691416835 0390 0736
0.5259269691416835 0288 0390
0.5259269691416835 0425 0473
0.5259269691416835 0140 0317
0.5259269691416835 0390 0817
0.5259269691416835 0390 0815
0.5259269691416835 0389 1263
0.5259269691416835 0317 0504
0.5259269691416835 0448 2068
0.5259269691416835 0038 0600
0.5259269691416835 0195 0448
0.5259269691416835 0038 0604
0.5259269691416835 0317 0764
0.5259269691416835 0038 0934
0.5259269691416835 0038 1964
0.5259269691416835 0390 0914
0.5259269691416835 0390 0602
0.5259269691416835 0390 0938
0.5259269691416835 0390 3504
0.5259269691416835 0390 0425 1102
0.5259269691416835 0317 0390 0473
0.5259269691416835 0038 0317 0797
0.5259269691416835 1693
0.5259269691416835 3555
0.5259269691416835 8227
0.5259269691416835 0140 0425
0.5259269691416835 0390 0489
0.5259269691416835 0390 0492
0.5259269691416835 0038 0733
0.5259269691416835 0448 0814
0.5259269691416835 0066 0797
0.5259269691416835 0135 0390
0.5259269691416835 0017 0038
0.5259269691416835 0317 0909
0.5259269691416835 0038 0495
0.5259269691416835 0317 2037
0.5259269691416835 0565 2050
0.5259269691416835 0548 0874
0.5259269691416835 0389 1048
0.5259269691416835 0389 1818
0.5259269691416835 0390 2101
0.5259269691416835 0390 0731
0.5259269691416835 0389 0487
0.5259269691416835 0389 0416
0.5259269691416835 0339 0425
0.5259269691416835 0317 0549
0.5259269691416835 0317 0415
0.5259269691416835 0129 0317
0.5259269691416835 0390 0909
0.5259269691416835 0390 2329
0.5259269691416835 0081 0390
0.5259269691416835 0317 1507
0.5259269691416835 0390 0571
0.5259269691416835 0390 1096
0.5259269691416835 0038 0174
0.5259269691416835 0317 1017
0.5259269691416835 0282 0317
0.5259269691416835 0390 1263
0.5259269691416835 0389 0404
0.5259269691416835 0038 2870
0.5259269691416835 0390 0496
0.5259269691416835 0285 0390
0.5259269691416835 0361 0390
0.5259269691416835 0038 0640
0.5259269691416835 0390 1840
0.5259269691416835 0447 0497
0.5259269691416835 0038 0410
0.5259269691416835 0038 2070
0.5259269691416835 0390 1118
0.5259269691416835 0390 1506
0.5259269691416835 0038 0082
0.5259269691416835 0158 0390
0.5259269691416835 0390 8227
0.5259269691416835 0038 1062
0.5259269691416835 0038 1263
0.5259269691416835 0425 0512 1840
0.5259269691416835 0092 0317 0390
0.5259269691416835 0390 0565 2050
0.5259269691416835 0317 0448 0576
0.5259269691416835 0317 0425 1102
0.5259269691416835 0038 0258 0403
0.5259269691416835 0390 0425 0770
0.5259269691416835 0038 0359 0604
0.5259269691416835 0390 0496 1836
0.5259269691416835 0317 0447 0497
0.5259269691416835 0888
0.5259269691416835 2067
0.5259269691416835 4577
0.5259269691416835 5549
0.5259269691416835 9512
0.5259269691416835 0037 0038
0.5259269691416835 0390 0393
0.5259269691416835 0390 0550
0.5259269691416835 0317 0353
0.5259269691416835 0390 0412
0.5259269691416835 0425 0576
0.5259269691416835 0317 0815
0.5259269691416835 0038 0504
0.5259269691416835 0092 0389
0.5259269691416835 0038 0370
0.5259269691416835 0038 0909
0.5259269691416835 0390 0846
0.5259269691416835 0317 0867
0.5259269691416835 0807 1959
0.5259269691416835 0416 0473
0.5259269691416835 0317 1645
0.5259269691416835 0448 0537
0.5259269691416835 0167 1044
0.5259269691416835 0317 2195
0.5259269691416835 0390 3784
0.5259269691416835 0390 1019
0.5259269691416835 0448 0892
0.5259269691416835 0390 5380
0.5259269691416835 0317 0512
0.5259269691416835 0390 0424
0.5259269691416835 0038 0764
0.5259269691416835 0390 4172
0.5259269691416835 0038 1163
0.5259269691416835 0448 0764
0.5259269691416835 0038 0694
0.5259269691416835 0029 0038
0.5259269691416835 0390 4070
0.5259269691416835 0448 0745
0.5259269691416835 0390 0499
0.5259269691416835 0390 1429
0.5259269691416835 0038 0656
0.5259269691416835 0548 0563
0.5259269691416835 0370 0390
0.5259269691416835 0317 2108
0.5259269691416835 0425 0563
0.5259269691416835 0390 0446 0447
0.5259269691416835 0038 0317 0473
0.5259269691416835 0078 0317 0448
0.5259269691416835 0066 0400 0548
0.5259269691416835 0096 0317 0389
0.5259269691416835 0038 0066 0448
0.5259269691416835 0066 0317 0537
0.5259269691416835 0317 0448 0487
0.5259269691416835 0317 0448 2068
0.5259269691416835 0390 0425 2068
0.5259269691416835 0390 0512 1840
0.5259269691416835 0317 0448 0548
0.5259269691416835 0847
0.5259269691416835 1312
0.5259269691416835 1677
0.5259269691416835 1887
0.5259269691416835 2187
0.5259269691416835 2271
0.5259269691416835 2309
0.5259269691416835 2990
0.5259269691416835 4513
0.5259269691416835 5359
0.5259269691416835 7796
0.5259269691416835 0038 0399
0.5259269691416835 0038 0172
0.5259269691416835 0390 0471
0.5259269691416835 0390 0491
0.5259269691416835 0390 0584
0.5259269691416835 0390 0651
0.5259269691416835 0038 0339
0.5259269691416835 0038 0736
0.5259269691416835 0389 0814
0.5259269691416835 0038 0850
0.5259269691416835 0317 0914
0.5259269691416835 0448 0851
0.5259269691416835 0390 1833
0.5259269691416835 0390 1119
0.5259269691416835 0317 0601
0.5259269691416835 0448 1219
0.5259269691416835 0373 0390
0.5259269691416835 0317 0568
0.5259269691416835 0087 0390
0.5259269691416835 0276 0448
0.5259269691416835 0034 0390
0.5259269691416835 0447 2050
0.5259269691416835 0038 0257
0.5259269691416835 0038 2037
0.5259269691416835 0108 0473
0.5259269691416835 0038 1645
0.5259269691416835 0340 0390
0.5259269691416835 0390 1022
0.5259269691416835 0390 2043
0.5259269691416835 0390 0804
0.5259269691416835 0317 3119
0.5259269691416835 0038 0497
0.5259269691416835 0495 0497
0.5259269691416835 0400 0472
0.5259269691416835 0317 0416
0.5259269691416835 0390 0444
0.5259269691416835 0390 0903
0.5259269691416835 0390 0754
0.5259269691416835 0253 0687
0.5259269691416835 0448 0495
0.5259269691416835 2090 5327
0.5259269691416835 0317 0656
0.5259269691416835 0038 0932
0.5259269691416835 0038 0368
0.5259269691416835 0425 2041
0.5259269691416835 0442 0938
0.5259269691416835 0193 0390
0.5259269691416835 0317 0796
0.5259269691416835 0389 1889
0.5259269691416835 0390 1964
0.5259269691416835 0038 1815
0.5259269691416835 0038 1219
0.5259269691416835 0339 0448
0.5259269691416835 0390 3315
0.5259269691416835 0038 2433
0.5259269691416835 0390 3384
0.5259269691416835 0038 0585
0.5259269691416835 0448 1889
0.5259269691416835 0548 1964
0.5259269691416835 0038 4070
0.5259269691416835 0874 1263
0.5259269691416835 0404 0548
0.5259269691416835 0038 2490
0.5259269691416835 0206 1744
0.5259269691416835 0038 0207
0.5259269691416835 0390 3119
0.5259269691416835 0390 0830
0.5259269691416835 0390 0650
0.5259269691416835 0038 1069
0.5259269691416835 0038 0240
0.5259269691416835 0038 0474
0.5259269691416835 0448 0797
0.5259269691416835 0317 0547
0.5259269691416835 0129 0473
0.5259269691416835 0253 0473
0.5259269691416835 0390 7796
0.5259269691416835 0425 7796
0.5259269691416835 0390 0587
0.5259269691416835 0390 0566
0.5259269691416835 0390 1163
0.5259269691416835 0038 0525
0.5259269691416835 0038 0903
0.5259269691416835 0038 0203
0.5259269691416835 0548 1044
0.5259269691416835 0158 0548
0.5259269691416835 0317 0410
0.5259269691416835 0548 0576
0.5259269691416835 0038 9512
0.5259269691416835 0317 4158
0.5259269691416835 0009 0038
0.5259269691416835 0389 0551
0.5259269691416835 0389 0563
0.5259269691416835 0317 2181
0.5259269691416835 0317 0390 0690
0.5259269691416835 0038 0400 0448
0.5259269691416835 0390 0447 0565
0.5259269691416835 0390 0447 2050
0.5259269691416835 0390 0807 1959
0.5259269691416835 0108 0389 0390
0.5259269691416835 0389 0390 0416
0.5259269691416835 0339 0390 0425
0.5259269691416835 0317 0448 0537
0.5259269691416835 0317 0495 0497
0.5259269691416835 0038 0400 0472
0.5259269691416835 0038 0092 0390
0.5259269691416835 0317 0389 1263
0.5259269691416835 0317 0442 0448
0.5259269691416835 0317 2090 5327
0.5259269691416835 0425 0770 2041
0.5259269691416835 0317 0796 0797
0.5259269691416835 0317 0339 0448
0.5259269691416835 0038 0317 1992
0.5259269691416835 0038 0206 1744
0.5259269691416835 0317 0448 0797
0.5259269691416835 0038 0448 0548
0.5259269691416835 0129 0253 0390
0.5259269691416835 0129 0317 0390
0.5259269691416835 0129 0390 0473
0.5259269691416835 0390 0425 7796
0.5259269691416835 0317 0390 0548
0.5259269691416835 0317 0425 0563
0.5259269691416835 0038 0066 0317 0448
0.5259269691416835 0317 0390 0448 0473
0.5259269691416835 0317 0390 0425 1102
0.5259269691416835 0144
0.5259269691416835 0311
0.5259269691416835 0864
0.5259269691416835 3203
0.5259269691416835 3703
0.5259269691416835 4142
0.5259269691416835 4157
0.5259269691416835 5536
0.5259269691416835 5783
0.5259269691416835 5810
0.5259269691416835 6246
0.5259269691416835 8543
0.5259269691416835 0311 0390
0.5259269691416835 0421 0425
0.5259269691416835 0404 0473
0.5259269691416835 0447 0473
0.5259269691416835 0447 0475
0.5259269691416835 0038 0647
0.5259269691416835 0559 0797
0.5259269691416835 0280 0448
0.5259269691416835 0038 0492
0.5259269691416835 0317 0830
0.5259269691416835 0087 0548
0.5259269691416835 0317 0853
0.5259269691416835 0038 0815
0.5259269691416835 0038 0734
0.5259269691416835 0807 1073
0.5259269691416835 0318 0389
0.5259269691416835 0009 0390
0.5259269691416835 0390 1127
0.5259269691416835 0448 1069
0.5259269691416835 0204 0520
0.5259269691416835 0317 0520
0.5259269691416835 0180 2238
0.5259269691416835 0038 1259
0.5259269691416835 0337 0390
0.5259269691416835 0390 2271
0.5259269691416835 0066 0359
0.5259269691416835 0441 1102
0.5259269691416835 0317 0488
0.5259269691416835 0390 3703
0.5259269691416835 1263 2195
0.5259269691416835 0390 4142
0.5259269691416835 0390 2037
0.5259269691416835 0317 0370
0.5259269691416835 0030 0390
0.5259269691416835 0390 0950
0.5259269691416835 0390 1289
0.5259269691416835 0389 4931
0.5259269691416835 0390 1261
0.5259269691416835 0144 0390
0.5259269691416835 0390 2028
0.5259269691416835 0448 4136
0.5259269691416835 0390 0655
0.5259269691416835 0096 0425
0.5259269691416835 0057 0390
0.5259269691416835 0390 2200
0.5259269691416835 0174 0548
0.5259269691416835 0038 0312
0.5259269691416835 0317 2922
0.5259269691416835 0066 1992
0.5259269691416835 0317 2050
0.5259269691416835 0390 4192
0.5259269691416835 0038 1019
0.5259269691416835 0038 0878
0.5259269691416835 0400 0554
0.5259269691416835 0563 0576
0.5259269691416835 0317 0734
0.5259269691416835 0317 0467
0.5259269691416835 0317 3702
0.5259269691416835 0317 0404
0.5259269691416835 0441 0576
0.5259269691416835 0038 0499
0.5259269691416835 0038 0777
0.5259269691416835 0390 0878
0.5259269691416835 0425 1219
0.5259269691416835 0317 0489
0.5259269691416835 0318 0390
0.5259269691416835 0390 1821
0.5259269691416835 0276 0280
0.5259269691416835 0390 0888
0.5259269691416835 0206 1044
0.5259269691416835 0390 0573
0.5259269691416835 0390 6231
0.5259269691416835 0317 0469
0.5259269691416835 0317 4513
0.5259269691416835 0473 0474
0.5259269691416835 0425 0851
0.5259269691416835 0390 0656
0.5259269691416835 0548 0764
0.5259269691416835 0390 2096
0.5259269691416835 0473 0807
0.5259269691416835 0096 0548
0.5259269691416835 0390 0503
0.5259269691416835 0038 2570
0.5259269691416835 0390 1942
0.5259269691416835 0066 0547
0.5259269691416835 0317 0492
0.5259269691416835 0317 0881
0.5259269691416835 0317 0790
0.5259269691416835 0473 0548
0.5259269691416835 0038 0874
0.5259269691416835 0448 0786
0.5259269691416835 0563 0745
0.5259269691416835 0286 0317
0.5259269691416835 0174 0473
0.5259269691416835 0317 1279
0.5259269691416835 0390 0956
0.5259269691416835 0038 0123
0.5259269691416835 0038 3615
0.5259269691416835 0038 3119
0.5259269691416835 0425 1856
0.5259269691416835 0448 0559
0.5259269691416835 0038 0425
0.5259269691416835 0317 0602
0.5259269691416835 0390 1262
0.5259269691416835 0038 1119
0.5259269691416835 0874 2195
0.5259269691416835 0442 0563
0.5259269691416835 0448 1048
0.5259269691416835 0317 1044
0.5259269691416835 0038 2309
0.5259269691416835 0359 0548
0.5259269691416835 0390 0847
0.5259269691416835 0038 0135
0.5259269691416835 0086 0390
0.5259269691416835 0390 1835
0.5259269691416835 0473 0892
0.5259269691416835 0038 5949
0.5259269691416835 0082 0317
0.5259269691416835 0487 1263
0.5259269691416835 0548 1992
0.5259269691416835 0108 0548
0.5259269691416835 0038 0180
0.5259269691416835 0390 0421 0425
0.5259269691416835 0390 0447 0475
0.5259269691416835 0317 0448 0851
0.5259269691416835 0276 0317 0448
0.5259269691416835 0096 0389 0473
0.5259269691416835 0317 0390 1073
0.5259269691416835 0317 0390 0563
0.5259269691416835 0390 0416 0473
0.5259269691416835 0317 0448 1069
0.5259269691416835 0180 0390 2238
0.5259269691416835 0038 0317 0497
0.5259269691416835 0066 0400 0472
0.5259269691416835 0390 0425 0576
0.5259269691416835 0317 0390 2050
0.5259269691416835 0038 0400 0554
0.5259269691416835 0066 0400 0554
0.5259269691416835 0092 0389 0390
0.5259269691416835 0390 0425 1840
0.5259269691416835 0204 0317 0390
0.5259269691416835 0038 0317 0892
0.5259269691416835 0317 0389 0425
0.5259269691416835 0390 0473 0807
0.5259269691416835 0317 0390 2068
0.5259269691416835 0390 0425 1856
0.5259269691416835 0390 0448 0548
0.5259269691416835 0038 0600 0601
0.5259269691416835 0317 0389 0447
0.5259269691416835 0317 0473 0892
0.5259269691416835 0253 0258 0390
0.5259269691416835 0038 0066 0400 0448
0.5259269691416835 0066 0317 0400 0448
0.5259269691416835 0038 0066 0400 0472
0.5259269691416835 0038 0066 0400 0554
0.5259269691416835 0075
0.5259269691416835 0420
0.5259269691416835 0562
0.5259269691416835 0877
0.5259269691416835 0952
0.5259269691416835 0988
0.5259269691416835 1031
0.5259269691416835 1111
0.5259269691416835 1116
0.5259269691416835 1130
0.5259269691416835 1384
0.5259269691416835 1767
0.5259269691416835 2022
0.5259269691416835 2102
0.5259269691416835 2103
0.5259269691416835 2165
0.5259269691416835 2367
0.5259269691416835 2479
0.5259269691416835 2742
0.5259269691416835 3183
0.5259269691416835 3242
0.5259269691416835 3349
0.5259269691416835 3850
0.5259269691416835 4086
0.5259269691416835 4166
0.5259269691416835 4181
0.5259269691416835 4206
0.5259269691416835 4222
0.5259269691416835 5288
0.5259269691416835 5564
0.5259269691416835 5574
0.5259269691416835 5628
0.5259269691416835 5650
0.5259269691416835 5651
0.5259269691416835 5762
0.5259269691416835 5770
0.5259269691416835 6314
0.5259269691416835 6549
0.5259269691416835 6791
0.5259269691416835 7398
0.5259269691416835 7750
0.5259269691416835 8763
0.5259269691416835 8783
0.5259269691416835 9106
0.5259269691416835 9540
0.5259269691416835 0390 0392
0.5259269691416835 0489 0490
0.5259269691416835 0087 0448
0.5259269691416835 0317 0564
0.5259269691416835 0389 0631
0.5259269691416835 0096 0195
0.5259269691416835 0412 0509
0.5259269691416835 0390 0395
0.5259269691416835 0038 0719
0.5259269691416835 0317 0744
0.5259269691416835 0576 0770
0.5259269691416835 0029 0317
0.5259269691416835 0038 0851
0.5259269691416835 0400 0797
0.5259269691416835 0092 0690
0.5259269691416835 0390 1382
0.5259269691416835 0389 0495
0.5259269691416835 0038 0337
0.5259269691416835 0337 0400
0.5259269691416835 0554 0690
0.5259269691416835 0092 0280
0.5259269691416835 0038 1617
0.5259269691416835 0087 0425
0.5259269691416835 0204 0389
0.5259269691416835 0317 0647
0.5259269691416835 0317 1996
0.5259269691416835 0390 2022
0.5259269691416835 0389 1837
0.5259269691416835 0473 1837
0.5259269691416835 0276 2050
0.5259269691416835 0390 0911
0.5259269691416835 0448 1818
0.5259269691416835 0473 1818
0.5259269691416835 0400 0416
0.5259269691416835 0390 0712
0.5259269691416835 0390 1617
0.5259269691416835 0549 0892
0.5259269691416835 0066 0108
0.5259269691416835 0425 0814
0.5259269691416835 0009 0563
0.5259269691416835 0066 0253
0.5259269691416835 0390 0634
0.5259269691416835 0317 2201
0.5259269691416835 0339 1102
0.5259269691416835 0448 0453
0.5259269691416835 0448 0509
0.5259269691416835 0473 0576
0.5259269691416835 0317 0926
0.5259269691416835 0496 2263
0.5259269691416835 1836 2263
0.5259269691416835 0359 0400
0.5259269691416835 0389 0559
0.5259269691416835 0066 0158
0.5259269691416835 0108 0204
0.5259269691416835 0390 1492
0.5259269691416835 0282 0448
0.5259269691416835 0448 0549
0.5259269691416835 0390 0525
0.5259269691416835 0038 3555
0.5259269691416835 0390 1892
0.5259269691416835 0390 0957
0.5259269691416835 0317 3784
0.5259269691416835 0389 0412
0.5259269691416835 0448 0472
0.5259269691416835 0164 0317
0.5259269691416835 0317 2674
0.5259269691416835 0317 2755
0.5259269691416835 0390 2674
0.5259269691416835 0038 3315
0.5259269691416835 0038 0676
0.5259269691416835 0390 3555
0.5259269691416835 0186 0390
0.5259269691416835 0090 0390
0.5259269691416835 0390 0599
0.5259269691416835 1959 2050
0.5259269691416835 0317 0903
0.5259269691416835 0229 0390
0.5259269691416835 0390 1886
0.5259269691416835 0390 4136
0.5259269691416835 0390 2195
0.5259269691416835 0317 0373
0.5259269691416835 0389 4192
0.5259269691416835 0815 0846
0.5259269691416835 0317 0325
0.5259269691416835 0038 5359
0.5259269691416835 0038 1764
0.5259269691416835 0038 0605
0.5259269691416835 0038 0566
0.5259269691416835 0272 0317
0.5259269691416835 0317 5060
0.5259269691416835 0136 0253
0.5259269691416835 0038 0762
0.5259269691416835 0317 2194
0.5259269691416835 0424 0425
0.5259269691416835 0317 1288
0.5259269691416835 0554 0566
0.5259269691416835 0317 1089
0.5259269691416835 0389 0460
0.5259269691416835 0509 5602
0.5259269691416835 1889 5602
0.5259269691416835 5601 5602
0.5259269691416835 0441 0563
0.5259269691416835 0389 0467
0.5259269691416835 0038 0661
0.5259269691416835 0404 0448
0.5259269691416835 0317 0550
0.5259269691416835 0037 0389
0.5259269691416835 0317 0394
0.5259269691416835 0317 5651
0.5259269691416835 0425 4193
0.5259269691416835 0038 1693
0.5259269691416835 0338 0448
0.5259269691416835 0317 0749
0.5259269691416835 0276 0776
0.5259269691416835 0390 5678
0.5259269691416835 0390 1597
0.5259269691416835 0038 0393
0.5259269691416835 0127 0317
0.5259269691416835 0253 0509
0.5259269691416835 0097 0390
0.5259269691416835 0038 0087
0.5259269691416835 0038 0459
0.5259269691416835 0716 5085
0.5259269691416835 0066 0167
0.5259269691416835 0037 0548
0.5259269691416835 0317 2570
0.5259269691416835 0038 0090
0.5259269691416835 0390 0519
0.5259269691416835 0390 0988
0.5259269691416835 0038 0193
0.5259269691416835 0038 6248
0.5259269691416835 0390 0409
0.5259269691416835 0473 1263
0.5259269691416835 0317 0980
0.5259269691416835 0038 2990
0.5259269691416835 0257 1821
0.5259269691416835 0253 0487
0.5259269691416835 0207 1744
0.5259269691416835 0038 0140
0.5259269691416835 0140 1102
0.5259269691416835 0253 0286
0.5259269691416835 0038 1942
0.5259269691416835 0390 0850
0.5259269691416835 0389 4158
0.5259269691416835 0390 1072
0.5259269691416835 1573 5085
0.5259269691416835 0286 0487
0.5259269691416835 0390 6547
0.5259269691416835 0038 0635
0.5259269691416835 0390 0635
0.5259269691416835 0038 0830
0.5259269691416835 0317 1326
0.5259269691416835 0038 0503
0.5259269691416835 0038 2247
0.5259269691416835 0390 0462
0.5259269691416835 0390 0829
0.5259269691416835 0017 0253
0.5259269691416835 0390 0664
0.5259269691416835 0338 0548
0.5259269691416835 0317 0693
0.5259269691416835 0288 2737
0.5259269691416835 0038 0259
0.5259269691416835 0473 1889
0.5259269691416835 0390 0787
0.5259269691416835 0390 5536
0.5259269691416835 0390 0896
0.5259269691416835 0425 4172
0.5259269691416835 0881 4070
0.5259269691416835 0204 1996
0.5259269691416835 0441 0786
0.5259269691416835 0038 0564
0.5259269691416835 0038 5060
0.5259269691416835 0390 5490
0.5259269691416835 0317 0804
0.5259269691416835 0880 8067
0.5259269691416835 4070 8067
0.5259269691416835 0078 0473
0.5259269691416835 0390 2067
0.5259269691416835 0548 2068
0.5259269691416835 0294 0548
0.5259269691416835 0038 0839
0.5259269691416835 0354 0548
0.5259269691416835 0548 2570
0.5259269691416835 0389 2195
0.5259269691416835 0390 5447
0.5259269691416835 0038 5181
0.5259269691416835 0195 0563
0.5259269691416835 0390 4158
0.5259269691416835 0258 0448
0.5259269691416835 0038 5783
0.5259269691416835 0038 5516
0.5259269691416835 0038 2113
0.5259269691416835 0441 0447
0.5259269691416835 0317 1693
0.5259269691416835 0415 2309
0.5259269691416835 0038 1507
0.5259269691416835 0317 2568
0.5259269691416835 0317 2242
0.5259269691416835 0317 2070
0.5259269691416835 0156 0317
0.5259269691416835 0038 0573
0.5259269691416835 0448 2260
0.5259269691416835 0038 1976
0.5259269691416835 0370 5181
0.5259269691416835 0180 0559
0.5259269691416835 0390 2173
0.5259269691416835 0408 0745
0.5259269691416835 0108 0317
0.5259269691416835 0548 0731
0.5259269691416835 0487 0548
0.5259269691416835 0038 1096
0.5259269691416835 0317 0603
0.5259269691416835 0038 5601
0.5259269691416835 0066 2490
0.5259269691416835 0425 0874
0.5259269691416835 0317 0324
0.5259269691416835 0038 9540
0.5259269691416835 0563 0914
0.5259269691416835 0038 0251
0.5259269691416835 0390 4742
0.5259269691416835 0038 3046
0.5259269691416835 0195 1069
0.5259269691416835 0390 0640
0.5259269691416835 0390 5601
0.5259269691416835 0253 0425
0.5259269691416835 0282 0509
0.5259269691416835 0390 1218
0.5259269691416835 0317 0805
0.5259269691416835 0390 5949
0.5259269691416835 0038 2547
0.5259269691416835 0317 0858
0.5259269691416835 0548 0858
0.5259269691416835 0096 0563
0.5259269691416835 1815 1889
0.5259269691416835 0038 3384
0.5259269691416835 0129 0447
0.5259269691416835 0390 0794
0.5259269691416835 0390 1996
0.5259269691416835 0390 2194
0.5259269691416835 0317 1219
0.5259269691416835 0203 1142
0.5259269691416835 0497 0892
0.5259269691416835 0129 0158
0.5259269691416835 0390 0447 0473
0.5259269691416835 0038 0096 0473
0.5259269691416835 0425 0576 0770
0.5259269691416835 0317 0448 0814
0.5259269691416835 0066 0400 0797
0.5259269691416835 0180 0390 0416
0.5259269691416835 0092 0390 0690
0.5259269691416835 0038 0066 0337
0.5259269691416835 0038 0337 0400
0.5259269691416835 0066 0337 0400
0.5259269691416835 0276 0286 0390
0.5259269691416835 0038 0294 0317
0.5259269691416835 0172 0390 0425
0.5259269691416835 0096 0317 0390
0.5259269691416835 0096 0389 0390
0.5259269691416835 0276 0390 2050
0.5259269691416835 0317 0559 0563
0.5259269691416835 0389 0425 0448
0.5259269691416835 0009 0317 0563
0.5259269691416835 0389 0416 0473
0.5259269691416835 0038 0317 0549
0.5259269691416835 0496 1836 2263
0.5259269691416835 0038 0066 0359
0.5259269691416835 0038 0359 2274
0.5259269691416835 0317 1263 2195
0.5259269691416835 0317 0389 0412
0.5259269691416835 0038 0448 0472
0.5259269691416835 0390 0473 0487
0.5259269691416835 0038 0390 1044
0.5259269691416835 0390 0441 0448
0.5259269691416835 0317 0390 0443
0.5259269691416835 0390 0448 0576
0.5259269691416835 0390 0425 0495
0.5259269691416835 0317 0548 2037
0.5259269691416835 0038 0136 0253
0.5259269691416835 0317 0390 0770
0.5259269691416835 0390 0425 2041
0.5259269691416835 0390 0424 0425
0.5259269691416835 0390 0448 2068
0.5259269691416835 0195 0441 0448
0.5259269691416835 0509 1889 5602
0.5259269691416835 0509 5601 5602
0.5259269691416835 1889 5601 5602
0.5259269691416835 0253 0282 0390
0.5259269691416835 0317 0441 0563
0.5259269691416835 0066 0390 0537
0.5259269691416835 0390 0425 4193
0.5259269691416835 0317 0338 0448
0.5259269691416835 0276 0390 0776
0.5259269691416835 0276 0280 0390
0.5259269691416835 0038 0317 0537
0.5259269691416835 0120 0121 0390
0.5259269691416835 0317 0448 0745
0.5259269691416835 0038 0460 0548
0.5259269691416835 0038 0066 0473
0.5259269691416835 0038 0359 0390
0.5259269691416835 0038 0066 0390
0.5259269691416835 0317 0425 0640
0.5259269691416835 0038 0389 0390
0.5259269691416835 0389 0404 0548
0.5259269691416835 0390 0404 0548
0.5259269691416835 0038 0257 1821
0.5259269691416835 0038 0206 0207
0.5259269691416835 0038 0207 1744
0.5259269691416835 0206 0207 1744
0.5259269691416835 0038 0442 0938
0.5259269691416835 0317 0318 0390
0.5259269691416835 0317 0390 2065
0.5259269691416835 0390 0473 0830
0.5259269691416835 0017 0253 0390
0.5259269691416835 0038 0390 1992
0.5259269691416835 0038 0206 0253
0.5259269691416835 0425 0448 0764
0.5259269691416835 0038 0288 2737
0.5259269691416835 0317 0448 1263
0.5259269691416835 0390 0676 1451
0.5259269691416835 0390 0425 4172
0.5259269691416835 0390 0447 0548
0.5259269691416835 0317 0339 0390
0.5259269691416835 0390 0881 4070
0.5259269691416835 0880 0881 4070
0.5259269691416835 0038 0288 0338
0.5259269691416835 0038 0564 5060
0.5259269691416835 0390 0880 8067
0.5259269691416835 0390 4070 8067
0.5259269691416835 0880 4070 8067
0.5259269691416835 0251 0317 0390
0.5259269691416835 0317 0448 0559
0.5259269691416835 0354 0548 2570
0.5259269691416835 0195 0317 0563
0.5259269691416835 0317 0442 0563
0.5259269691416835 0038 0448 0797
0.5259269691416835 0389 0390 0425
0.5259269691416835 0317 0448 2260
0.5259269691416835 0038 0158 0317
0.5259269691416835 0180 0390 0559
0.5259269691416835 0195 0317 1069
0.5259269691416835 0253 0390 0425
0.5259269691416835 0038 0317 1102
0.5259269691416835 0390 0548 1044
0.5259269691416835 0038 0487 1263
0.5259269691416835 0038 0317 3078
0.5259269691416835 0390 0448 1102
0.5259269691416835 0038 0317 0796
0.5259269691416835 0317 0448 0786
0.5259269691416835 0038 0548 1992
0.5259269691416835 0129 0390 0447
0.5259269691416835 0317 0390 0549
0.5259269691416835 0038 0548 0563
0.5259269691416835 0317 0497 0892
0.5259269691416835 0129 0158 0390
0.5259269691416835 0038 0066 0337 0400
0.5259269691416835 0038 0317 0400 0448
0.5259269691416835 0389 0390 0416 0473
0.5259269691416835 0390 0425 0770 2041
0.5259269691416835 0509 1889 5601 5602
0.5259269691416835 0038 0206 0207 1744
0.5259269691416835 0390 0880 0881 4070
0.5259269691416835 0390 0880 4070 8067
0.5259269691416835 0038 0317 0448 0797
0.5259269691416835 0390 0425 0448 1102
0.5259269691416835 0038 0317 0796 0797
0.5259269691416835 0038 0066 0317 0400 0448
0.5259269691416835 0614
0.5259269691416835 1061
0.5259269691416835 1209
0.5259269691416835 1270
0.5259269691416835 1464
0.5259269691416835 1569
0.5259269691416835 1612
0.5259269691416835 1775
0.5259269691416835 1817
0.5259269691416835 1839
0.5259269691416835 1902
0.5259269691416835 1946
0.5259269691416835 2066
0.5259269691416835 2085
0.5259269691416835 2124
0.5259269691416835 2360
0.5259269691416835 2555
0.5259269691416835 2752
0.5259269691416835 3025
0.5259269691416835 3255
0.5259269691416835 3333
0.5259269691416835 3361
0.5259269691416835 3518
0.5259269691416835 4173
0.5259269691416835 4186
0.5259269691416835 4548
0.5259269691416835 4949
0.5259269691416835 5135
0.5259269691416835 5530
0.5259269691416835 5641
0.5259269691416835 5691
0.5259269691416835 5712
0.5259269691416835 6247
0.5259269691416835 6288
0.5259269691416835 6300
0.5259269691416835 6546
0.5259269691416835 6588
0.5259269691416835 6606
0.5259269691416835 6651
0.5259269691416835 6911
0.5259269691416835 7816
0.5259269691416835 7914
0.5259269691416835 7958
0.5259269691416835 8069
0.5259269691416835 8103
0.5259269691416835 8535
0.5259269691416835 8790
0.5259269691416835 8864
0.5259269691416835 9202
0.5259269691416835 9317
0.5259269691416835 9551
0.5259269691416835 9554
0.5259269691416835 9634
0.5259269691416835 9677
0.5259269691416835 9743
0.5259269691416835 9811
0.5259269691416835 0390 0420
0.5259269691416835 0420 0425
0.5259269691416835 0276 0447
0.5259269691416835 0276 0475
0.5259269691416835 0446 0475
0.5259269691416835 0087 0389
0.5259269691416835 0359 0563
0.5259269691416835 0390 0430
0.5259269691416835 0038 0649
0.5259269691416835 0390 0677
0.5259269691416835 0038 0703
0.5259269691416835 0038 0735
0.5259269691416835 0038 0795
0.5259269691416835 0038 0837
0.5259269691416835 0390 0714
0.5259269691416835 0441 0690
0.5259269691416835 0390 1384
0.5259269691416835 0400 1821
0.5259269691416835 0548 0797
0.5259269691416835 0390 0839
0.5259269691416835 0497 1119
0.5259269691416835 0034 0038
0.5259269691416835 0092 0448
0.5259269691416835 0373 0776
0.5259269691416835 0425 0548
0.5259269691416835 0390 0926
0.5259269691416835 0038 0057
0.5259269691416835 0390 1533
0.5259269691416835 0563 0853
0.5259269691416835 0038 0306
0.5259269691416835 0038 2043
0.5259269691416835 0276 0565
0.5259269691416835 0390 2049
0.5259269691416835 0448 0867
0.5259269691416835 0473 0565
0.5259269691416835 0548 1262
0.5259269691416835 0389 0421
0.5259269691416835 0563 2068
0.5259269691416835 0390 2103
0.5259269691416835 0441 2050
0.5259269691416835 0012 0092
0.5259269691416835 0038 0431
0.5259269691416835 0038 2187
0.5259269691416835 0038 0926
0.5259269691416835 0038 2206
0.5259269691416835 0317 0368
0.5259269691416835 0317 0509
0.5259269691416835 0127 0204
0.5259269691416835 0226 0390
0.5259269691416835 0390 2247
0.5259269691416835 0038 0488
0.5259269691416835 0038 1314
0.5259269691416835 0804 1959
0.5259269691416835 0180 0496
0.5259269691416835 0180 1836
0.5259269691416835 0317 1602
0.5259269691416835 0353 0548
0.5259269691416835 0353 0909
0.5259269691416835 0158 0400
0.5259269691416835 0317 0340
0.5259269691416835 0390 2226
0.5259269691416835 0390 1071
0.5259269691416835 0038 0651
0.5259269691416835 1892 3703
0.5259269691416835 0390 1666
0.5259269691416835 0390 2349
0.5259269691416835 0390 2528
0.5259269691416835 0324 0390
0.5259269691416835 0495 2329
0.5259269691416835 0807 2674
0.5259269691416835 4157 4158
0.5259269691416835 0390 2922
0.5259269691416835 0487 0776
0.5259269691416835 0447 2870
0.5259269691416835 0472 0497
0.5259269691416835 0038 1836
0.5259269691416835 0416 0443
0.5259269691416835 0390 3016
0.5259269691416835 0390 1326
0.5259269691416835 0425 1326
0.5259269691416835 0390 1805
0.5259269691416835 0389 2050
0.5259269691416835 0441 0880
0.5259269691416835 0425 0547
0.5259269691416835 0390 3242
0.5259269691416835 0404 0415
0.5259269691416835 0473 0549
0.5259269691416835 0425 0929
0.5259269691416835 0447 0563
0.5259269691416835 0038 0655
0.5259269691416835 0057 0317
0.5259269691416835 0096 1263
0.5259269691416835 0425 2200
0.5259269691416835 0038 1533
0.5259269691416835 0373 0851
0.5259269691416835 0448 1815
0.5259269691416835 0817 4126
0.5259269691416835 0038 1810
0.5259269691416835 0447 2068
0.5259269691416835 0253 0713
0.5259269691416835 0164 0389
0.5259269691416835 0317 0399
0.5259269691416835 0389 0537
0.5259269691416835 0448 0846
0.5259269691416835 0253 0389
0.5259269691416835 0400 1992
0.5259269691416835 0487 1992
0.5259269691416835 0448 2050
0.5259269691416835 0448 2065
0.5259269691416835 0554 0903
0.5259269691416835 0253 0797
0.5259269691416835 0038 0402
0.5259269691416835 0548 1019
0.5259269691416835 0066 0566
0.5259269691416835 0096 0448
0.5259269691416835 0038 2102
0.5259269691416835 0390 5527
0.5259269691416835 0252 0390
0.5259269691416835 0390 0934
0.5259269691416835 0563 2755
0.5259269691416835 0487 5549
0.5259269691416835 0174 0786
0.5259269691416835 0390 3560
0.5259269691416835 0038 0914
0.5259269691416835 0317 5564
0.5259269691416835 0448 0850
0.5259269691416835 0317 0687
0.5259269691416835 0038 5439
0.5259269691416835 2090 2201
0.5259269691416835 0390 3702
0.5259269691416835 0974 1048
0.5259269691416835 0734 0777
0.5259269691416835 0473 0874
0.5259269691416835 0294 0554
0.5259269691416835 0038 0238
0.5259269691416835 0038 3651
0.5259269691416835 0448 4193
0.5259269691416835 0317 5660
0.5259269691416835 0390 0713
0.5259269691416835 0317 0393
0.5259269691416835 0276 0487
0.5259269691416835 0425 0498
0.5259269691416835 0038 1130
0.5259269691416835 0373 0487
0.5259269691416835 0453 0487
0.5259269691416835 0038 0097
0.5259269691416835 0317 1942
0.5259269691416835 0548 1069
0.5259269691416835 0038 0141
0.5259269691416835 0038 1075
0.5259269691416835 0820 1102
0.5259269691416835 0038 2786
0.5259269691416835 0038 0555
0.5259269691416835 0390 2165
0.5259269691416835 0547 0946
0.5259269691416835 0814 1837
0.5259269691416835 0390 0617
0.5259269691416835 0038 5810
0.5259269691416835 0180 0473
0.5259269691416835 0180 0661
0.5259269691416835 0390 0552
0.5259269691416835 0390 1496
0.5259269691416835 0425 0453
0.5259269691416835 0548 0892
0.5259269691416835 0193 0317
0.5259269691416835 0317 1909
0.5259269691416835 0448 0467
0.5259269691416835 0745 1834
0.5259269691416835 0038 6246
0.5259269691416835 0124 0390
0.5259269691416835 0416 0474
0.5259269691416835 0474 1263
0.5259269691416835 0390 2206
0.5259269691416835 0680 0697
0.5259269691416835 0281 0390
0.5259269691416835 0108 2242
0.5259269691416835 0038 1886
0.5259269691416835 0472 0548
0.5259269691416835 0447 2195
0.5259269691416835 0038 2096
0.5259269691416835 0448 2101
0.5259269691416835 0390 4222
0.5259269691416835 0390 0943
0.5259269691416835 0038 1181
0.5259269691416835 0390 2990
0.5259269691416835 0257 0472
0.5259269691416835 0472 1821
0.5259269691416835 0096 0472
0.5259269691416835 0317 2020
0.5259269691416835 0390 0488
0.5259269691416835 0206 0871
0.5259269691416835 0207 0871
0.5259269691416835 0390 2263
0.5259269691416835 0129 0487
0.5259269691416835 0096 0415
0.5259269691416835 0390 3333
0.5259269691416835 2070 2217
0.5259269691416835 0448 1964
0.5259269691416835 0081 0206
0.5259269691416835 0390 0877
0.5259269691416835 0390 2570
0.5259269691416835 0390 0820
0.5259269691416835 0400 0547
0.5259269691416835 0038 0226
0.5259269691416835 0353 0782
0.5259269691416835 0038 0336
0.5259269691416835 0563 2037
0.5259269691416835 0259 1118
0.5259269691416835 0066 0096
0.5259269691416835 0317 0402
0.5259269691416835 0381 0390
0.5259269691416835 0038 0517
0.5259269691416835 0448 0690
0.5259269691416835 0390 2568
0.5259269691416835 0317 0782
0.5259269691416835 0038 5660
0.5259269691416835 0390 5344
0.5259269691416835 0078 0338
0.5259269691416835 0078 0487
0.5259269691416835 0390 0916
0.5259269691416835 0204 0548
0.5259269691416835 0390 0764
0.5259269691416835 0034 0448
0.5259269691416835 0425 1889
0.5259269691416835 0078 0745
0.5259269691416835 0317 1506
0.5259269691416835 0448 1506
0.5259269691416835 0252 0317
0.5259269691416835 0251 0448
0.5259269691416835 0400 0473
0.5259269691416835 0286 0733
0.5259269691416835 0038 1502
0.5259269691416835 0317 0579
0.5259269691416835 0038 0266
0.5259269691416835 0390 0593
0.5259269691416835 0676 0762
0.5259269691416835 0390 2742
0.5259269691416835 0390 1004
0.5259269691416835 0390 2752
0.5259269691416835 0390 7816
0.5259269691416835 0038 0560
0.5259269691416835 0038 1289
0.5259269691416835 0180 0762
0.5259269691416835 0282 0786
0.5259269691416835 0448 5949
0.5259269691416835 0549 3119
0.5259269691416835 0066 0713
0.5259269691416835 0142 0359
0.5259269691416835 0288 0442
0.5259269691416835 0288 0938
0.5259269691416835 0338 0398
0.5259269691416835 0317 0462
0.5259269691416835 0066 0568
0.5259269691416835 0390 0719
0.5259269691416835 0191 0390
0.5259269691416835 0012 0038
0.5259269691416835 0038 1856
0.5259269691416835 0881 8067
0.5259269691416835 0180 0676
0.5259269691416835 0554 2242
0.5259269691416835 0389 0677
0.5259269691416835 0421 0929
0.5259269691416835 0448 0836
0.5259269691416835 0830 2068
0.5259269691416835 0317 1406
0.5259269691416835 0390 2218
0.5259269691416835 0880 4577
0.5259269691416835 0547 0548
0.5259269691416835 0425 0786
0.5259269691416835 0425 1048
0.5259269691416835 0180 0425
0.5259269691416835 0390 2684
0.5259269691416835 0390 0426
0.5259269691416835 2054 8227
0.5259269691416835 0253 5085
0.5259269691416835 0473 5085
0.5259269691416835 0317 2422
0.5259269691416835 0389 0946
0.5259269691416835 0318 2195
0.5259269691416835 0038 1809
0.5259269691416835 0038 1312
0.5259269691416835 0258 0425
0.5259269691416835 0317 2738
0.5259269691416835 0571 1889
0.5259269691416835 0038 4022
0.5259269691416835 0038 0186
0.5259269691416835 0038 2050
0.5259269691416835 0164 0473
0.5259269691416835 0317 0585
0.5259269691416835 0412 5783
0.5259269691416835 0288 0448
0.5259269691416835 0038 0956
0.5259269691416835 0447 0448
0.5259269691416835 0548 0601
0.5259269691416835 0005 0390
0.5259269691416835 0317 0337
0.5259269691416835 0390 5516
0.5259269691416835 0317 2938
0.5259269691416835 0317 0561
0.5259269691416835 1069 1889
0.5259269691416835 0359 0601
0.5259269691416835 0038 7750
0.5259269691416835 0317 0670
0.5259269691416835 0389 1044
0.5259269691416835 0390 1393
0.5259269691416835 0317 1775
0.5259269691416835 0390 0517
0.5259269691416835 0038 0491
0.5259269691416835 0548 0867
0.5259269691416835 0038 6911
0.5259269691416835 0252 1507
0.5259269691416835 0038 0247
0.5259269691416835 0389 0602
0.5259269691416835 0317 5447
0.5259269691416835 0253 0584
0.5259269691416835 0317 0677
0.5259269691416835 0317 0932
0.5259269691416835 0548 5181
0.5259269691416835 0038 1049
0.5259269691416835 0448 0874
0.5259269691416835 0548 0603
0.5259269691416835 0390 3349
0.5259269691416835 0390 0708
0.5259269691416835 0390 1810
0.5259269691416835 0251 0425
0.5259269691416835 0390 5458
0.5259269691416835 0367 0425
0.5259269691416835 0548 2990
0.5259269691416835 0038 0408
0.5259269691416835 0317 0428
0.5259269691416835 0180 0448
0.5259269691416835 0548 1821
0.5259269691416835 0389 0909
0.5259269691416835 0038 1835
0.5259269691416835 0317 0780
0.5259269691416835 0317 0680
0.5259269691416835 0317 1031
0.5259269691416835 0040 0317
0.5259269691416835 0361 0425
0.5259269691416835 0096 0797
0.5259269691416835 0390 0689
0.5259269691416835 0282 0400
0.5259269691416835 0066 0082
0.5259269691416835 0554 1048
0.5259269691416835 0317 3921
0.5259269691416835 0317 3651
0.5259269691416835 0563 1262
0.5259269691416835 0276 0359
0.5259269691416835 0390 1871
0.5259269691416835 0390 0704
0.5259269691416835 0390 9677
0.5259269691416835 0082 0282
0.5259269691416835 0038 0467
0.5259269691416835 0282 0878
0.5259269691416835 0038 0714
0.5259269691416835 0317 0844
0.5259269691416835 0495 2068
0.5259269691416835 0548 5679
0.5259269691416835 0786 1102
0.5259269691416835 0038 9743
0.5259269691416835 0066 9743
0.5259269691416835 0038 4742
0.5259269691416835 0038 0354
0.5259269691416835 0389 0634
0.5259269691416835 0317 3750
0.5259269691416835 0139 0563
0.5259269691416835 0424 0448
0.5259269691416835 0317 1127
0.5259269691416835 0442 3504
0.5259269691416835 0306 0390
0.5259269691416835 0038 0394
0.5259269691416835 0038 5300
0.5259269691416835 0548 2065
0.5259269691416835 0038 0435
0.5259269691416835 0390 2252
0.5259269691416835 0563 0797
0.5259269691416835 0370 0548
0.5259269691416835 0441 0790
0.5259269691416835 0140 0851
0.5259269691416835 0563 0805
0.5259269691416835 0204 2194
0.5259269691416835 0576 1893
0.5259269691416835 0203 0317
0.5259269691416835 0038 0587
0.5259269691416835 0448 3921
0.5259269691416835 0317 0635
0.5259269691416835 0317 0760
0.5259269691416835 0576 0892
0.5259269691416835 0576 1992
0.5259269691416835 0448 1840
0.5259269691416835 0317 0952
0.5259269691416835 0390 0420 0425
0.5259269691416835 0038 0390 0472
0.5259269691416835 0276 0390 0447
0.5259269691416835 0276 0390 0473
0.5259269691416835 0276 0390 0475
0.5259269691416835 0390 0404 0473
0.5259269691416835 0390 0446 0475
0.5259269691416835 0390 0489 0490
0.5259269691416835 0087 0317 0448
0.5259269691416835 0038 0317 0359
0.5259269691416835 0317 0389 0814
0.5259269691416835 0167 0390 0548
0.5259269691416835 0390 0441 0690
0.5259269691416835 0038 0400 1821
0.5259269691416835 0038 0548 0797
0.5259269691416835 0317 0497 1119
0.5259269691416835 0034 0038 0317
0.5259269691416835 0373 0390 0776
0.5259269691416835 0038 0317 0443
0.5259269691416835 0389 0390 0447
0.5259269691416835 0038 0317 0853
0.5259269691416835 0317 0563 0853
0.5259269691416835 0317 0390 1837
0.5259269691416835 0390 0473 1837
0.5259269691416835 0276 0390 0565
0.5259269691416835 0317 0448 0867
0.5259269691416835 0390 0394 0565
0.5259269691416835 0390 0473 0565
0.5259269691416835 0038 0390 0687
0.5259269691416835 0038 0548 0554
0.5259269691416835 0317 0563 2068
0.5259269691416835 0389 0448 1818
0.5259269691416835 0389 0473 1818
0.5259269691416835 0448 0473 1818
0.5259269691416835 0038 0066 0416
0.5259269691416835 0038 0400 0416
0.5259269691416835 0066 0400 0416
0.5259269691416835 0317 0807 1959
0.5259269691416835 0390 0807 1073
0.5259269691416835 0038 0549 0892
0.5259269691416835 0390 0441 2050
0.5259269691416835 0038 0559 0797
0.5259269691416835 0317 0448 0453
0.5259269691416835 0127 0204 0390
0.5259269691416835 0390 0415 0416
0.5259269691416835 0317 0415 0473
0.5259269691416835 0129 0317 0448
0.5259269691416835 0180 0496 1836
0.5259269691416835 0038 0359 0400
0.5259269691416835 0066 0359 0400
0.5259269691416835 0038 0066 0158
0.5259269691416835 0038 0158 0359
0.5259269691416835 0038 0158 0400
0.5259269691416835 0317 0441 1102
0.5259269691416835 0390 1892 3703
0.5259269691416835 0317 0448 0472
0.5259269691416835 0317 0390 0495
0.5259269691416835 0317 0425 0441
0.5259269691416835 0425 0441 1102
0.5259269691416835 0317 0425 0473
0.5259269691416835 0038 0548 2037
0.5259269691416835 0390 0548 2037
0.5259269691416835 0258 0390 0403
0.5259269691416835 0390 0487 0776
0.5259269691416835 0038 0317 0389
0.5259269691416835 0317 0390 1263
0.5259269691416835 0096 0390 0425
0.5259269691416835 0390 0425 0929
0.5259269691416835 0317 0447 0563
0.5259269691416835 0317 0373 0851
0.5259269691416835 0390 0817 4126
0.5259269691416835 0174 0390 0548
0.5259269691416835 0038 0253 0687
0.5259269691416835 0066 0390 0797
0.5259269691416835 0317 0448 0846
0.5259269691416835 0317 0815 0846
0.5259269691416835 0253 0389 0390
0.5259269691416835 0038 0400 1992
0.5259269691416835 0066 0400 1992
0.5259269691416835 0317 0390 0441
0.5259269691416835 0390 0441 0473
0.5259269691416835 0390 0448 2050
0.5259269691416835 0390 1959 2050
0.5259269691416835 0441 0448 0473
0.5259269691416835 0038 0253 0359
0.5259269691416835 0317 0389 4192
0.5259269691416835 0317 0390 4192
0.5259269691416835 0390 0554 0571
0.5259269691416835 0253 0390 0797
0.5259269691416835 0038 0066 0566
0.5259269691416835 0317 0564 5060
0.5259269691416835 0317 0425 2041
0.5259269691416835 0174 0390 0786
0.5259269691416835 0195 0317 0441
0.5259269691416835 0038 0554 0566
0.5259269691416835 0317 2090 2201
0.5259269691416835 0317 0390 1815
0.5259269691416835 0038 0078 0448
0.5259269691416835 0038 0448 0576
0.5259269691416835 0317 0404 0448
0.5259269691416835 0317 0448 0764
0.5259269691416835 0389 0390 0474
0.5259269691416835 0317 0339 1102
0.5259269691416835 0390 0425 1219
0.5259269691416835 0390 0425 0498
0.5259269691416835 0317 0390 0498
0.5259269691416835 0253 0390 0509
0.5259269691416835 0029 0038 0390
0.5259269691416835 0038 0547 0946
0.5259269691416835 0038 0258 0317
0.5259269691416835 0038 0317 0338
0.5259269691416835 0317 0448 1889
0.5259269691416835 0038 0548 1964
0.5259269691416835 0180 0390 0661
0.5259269691416835 0390 0425 0453
0.5259269691416835 0317 0390 0745
0.5259269691416835 0390 0448 0745
0.5259269691416835 0390 0745 1834
0.5259269691416835 0121 0253 0390
0.5259269691416835 0389 0473 1263
0.5259269691416835 0038 0066 0078
0.5259269691416835 0038 0066 0537
0.5259269691416835 0038 0317 0754
0.5259269691416835 0317 0389 0640
0.5259269691416835 0389 0390 0404
0.5259269691416835 0038 0680 0697
0.5259269691416835 0253 0276 0390
0.5259269691416835 0108 0390 2242
0.5259269691416835 0038 0276 0390
0.5259269691416835 0038 0280 0390
0.5259269691416835 0317 0447 2195
0.5259269691416835 0253 0353 0390
0.5259269691416835 0038 0257 0472
0.5259269691416835 0038 0472 1821
0.5259269691416835 0257 0472 1821
0.5259269691416835 0038 0206 1044
0.5259269691416835 0253 0390 0487
0.5259269691416835 0038 0096 0472
0.5259269691416835 0038 0317 0969
0.5259269691416835 0038 0206 0871
0.5259269691416835 0038 0207 0871
0.5259269691416835 0317 0441 0576
0.5259269691416835 0066 0400 0547
0.5259269691416835 0259 0390 1118
0.5259269691416835 0038 0390 0745
0.5259269691416835 0317 0448 0690
0.5259269691416835 0078 0390 0487
0.5259269691416835 0096 0338 0390
0.5259269691416835 0038 0066 1260
0.5259269691416835 0034 0317 0448
0.5259269691416835 0038 0317 1069
0.5259269691416835 0038 0441 0448
0.5259269691416835 0038 0400 0473
0.5259269691416835 0390 0676 0762
0.5259269691416835 0092 0390 0554
0.5259269691416835 0180 0390 0762
0.5259269691416835 0204 0317 1996
0.5259269691416835 0038 0548 0745
0.5259269691416835 0390 0425 0851
0.5259269691416835 0038 0288 0442
0.5259269691416835 0038 0288 0938
0.5259269691416835 0038 0338 0398
0.5259269691416835 0390 0441 0786
0.5259269691416835 0390 0881 8067
0.5259269691416835 0880 0881 8067
0.5259269691416835 0881 4070 8067
0.5259269691416835 0180 0390 0676
0.5259269691416835 0390 0554 2242
0.5259269691416835 0390 0421 0929
0.5259269691416835 0317 0473 0830
0.5259269691416835 0078 0390 0473
0.5259269691416835 0390 0880 4577
0.5259269691416835 0180 0390 0425
0.5259269691416835 0390 2054 8227
0.5259269691416835 0253 0390 0473
0.5259269691416835 0253 0390 5085
0.5259269691416835 0174 0317 0390
0.5259269691416835 0038 0390 2050
0.5259269691416835 0038 0412 5783
0.5259269691416835 0038 0288 0548
0.5259269691416835 0038 0317 1119
0.5259269691416835 0317 0874 1263
0.5259269691416835 0317 1069 1889
0.5259269691416835 0038 0276 0317
0.5259269691416835 0038 0359 0601
0.5259269691416835 0038 0415 2309
0.5259269691416835 0038 0548 0867
0.5259269691416835 0317 0390 2242
0.5259269691416835 0037 0390 0554
0.5259269691416835 0038 0448 2260
0.5259269691416835 0251 0390 0425
0.5259269691416835 0367 0390 0425
0.5259269691416835 0038 0408 0745
0.5259269691416835 0038 0158 0548
0.5259269691416835 0038 0108 0389
0.5259269691416835 0066 0390 0548
0.5259269691416835 0038 0487 0548
0.5259269691416835 0448 0473 0892
0.5259269691416835 0066 0167 0390
0.5259269691416835 0038 0509 5601
0.5259269691416835 0038 1889 5601
0.5259269691416835 0317 0473 1263
0.5259269691416835 0317 0390 0754
0.5259269691416835 0204 0390 0520
0.5259269691416835 0038 0253 1506
0.5259269691416835 0038 0288 0390
0.5259269691416835 0038 0548 0576
0.5259269691416835 0038 0282 0509
0.5259269691416835 0282 0509 0878
0.5259269691416835 0317 0786 1102
0.5259269691416835 0038 0066 9743
0.5259269691416835 0038 0354 2570
0.5259269691416835 0139 0317 0563
0.5259269691416835 0096 0317 0548
0.5259269691416835 0038 0548 2260
0.5259269691416835 0038 0317 0576
0.5259269691416835 0390 0442 3504
0.5259269691416835 0096 0317 0563
0.5259269691416835 0317 1815 1889
0.5259269691416835 0129 0390 0448
0.5259269691416835 0129 0338 0390
0.5259269691416835 0108 0390 0548
0.5259269691416835 0317 0549 0892
0.5259269691416835 0317 0563 0805
0.5259269691416835 0390 0576 1893
0.5259269691416835 0359 0390 0603
0.5259269691416835 0129 0353 0359
0.5259269691416835 0038 0317 1815
0.5259269691416835 0317 0390 0576
0.5259269691416835 0317 0576 0892
0.5259269691416835 0389 0425 0563
0.5259269691416835 0038 0096 0317 0473
0.5259269691416835 0096 0317 0389 0390
0.5259269691416835 0096 0317 0390 0473
0.5259269691416835 0096 0389 0390 0473
0.5259269691416835 0038 0066 0400 0416
0.5259269691416835 0038 0317 0448 0472
0.5259269691416835 0038 0066 0400 1992
0.5259269691416835 0317 0425 0770 2041
0.5259269691416835 0195 0317 0441 0448
0.5259269691416835 0038 0389 0390 0548
0.5259269691416835 0038 0257 0472 1821
0.5259269691416835 0038 0317 0448 0548
0.5259269691416835 0390 0880 0881 8067
0.5259269691416835 0390 0881 4070 8067
0.5259269691416835 0880 0881 4070 8067
0.5259269691416835 0038 0317 0448 2260
0.5259269691416835 0038 0066 0317 0548
0.5259269691416835 0317 0448 0473 0892
0.5259269691416835 0038 0509 1889 5601
0.5259269691416835 0317 0390 0448 2068
0.5259269691416835 0317 0390 0448 1102
0.5259269691416835 0317 0425 0448 1102
0.5259269691416835 0129 0353 0359 0390
0.5259269691416835 0038 0317 0548 0563
0.5259269691416835 0390 0880 0881 4070 8067
0.5259269691416835 0317 0390 0425 0448 1102
0.5259269691416832 0390
0.5259269691416832 0317
0.5259269691416832 0389
0.5259269691416832 0425
0.5259269691416831 0038
0.525926969141683 0548
0.525926969141683 0317 0448
0.525926969141683 0038 0317
0.525926969141683 0038 0548
0.525926969141683 0317 0390
0.525926969141683 0038 0400
0.525926969141683 0390 0548
0.525926969141683 0253 0390
0.525926969141683 0317 0389
0.525926969141683 0317 0473
0.525926969141683 2050
0.525926969141683 0038 0472
0.525926969141683 0096 0317
0.525926969141683 0390 0441
0.525926969141683 0038 0359
0.525926969141683 0317 0425
0.525926969141683 0390 0690
0.5259269691416826 0390 0487
0.5259269691416826 0390 0447
0.5259269691416826 0317 1102
0.5259269691416826 0359 0390
0.5259269691416826 0390 0881
0.5259269691416826 0038 0317 0448
0.5259269691416826 0276 0390
0.5259269691416826 0390 0559
0.5259269691416826 0389 0448
0.5259269691416826 0038 0563
0.5259269691416826 0390 0400
0.5259269691416826 0390 1044
0.5259269691416826 0317 0448 0473
0.5259269691416826 2242
0.5259269691416826 0390 0554
0.5259269691416826 0389 0473
0.5259269691416826 0078 0317
0.5259269691416826 0317 1073
0.5259269691416826 0317 1069
0.5259269691416826 0390 0880 0881
0.5259269691416826 0317 0537
0.5259269691416826 0390 0404
0.5259269691416826 0390 2242
0.5259269691416826 0038 0081
0.5259269691416826 0390 0873
0.5259269691416826 0038 0603
0.5259269691416826 0066 0317 0400
0.5259269691416826 0317 0390 0425
0.5259269691416826 5679
0.5259269691416826 0317 0318
0.5259269691416826 0317 0690
0.5259269691416826 0390 1856
0.5259269691416826 0441 0448
0.5259269691416826 0038 0447
0.5259269691416826 0038 0317 0548
0.5259269691416826 0440
0.5259269691416826 0390 0467
0.5259269691416826 0038 0136
0.5259269691416826 0390 1102
0.5259269691416826 0390 0676
0.5259269691416826 0390 0549
0.5259269691416826 0038 0066 0317
0.5259269691416826 0038 0317 0563
0.5259269691416826 2090
0.5259269691416826 0096 0390
0.5259269691416826 0390 0687
0.5259269691416826 0390 0851
0.5259269691416826 0390 0565
0.5259269691416826 0038 0416
0.5259269691416826 0317 1992
0.5259269691416826 0038 0353
0.5259269691416826 0390 0576
0.5259269691416826 0317 2090
0.5259269691416826 0038 0716
0.5259269691416826 0038 0969
0.5259269691416826 0038 0509
0.5259269691416826 0390 0790
0.5259269691416826 0017 0390
0.5259269691416826 0139 0317
0.5259269691416826 0317 0339
0.5259269691416826 0317 0559
0.5259269691416826 0390 1572
0.5259269691416826 0038 0282
0.5259269691416826 0038 0092
0.5259269691416826 0038 1044
0.5259269691416826 0390 0542
0.5259269691416826 0390 0537
0.5259269691416826 0317 0441 0448
0.5259269691416826 0390 0873 0874
0.5259269691416826 0585
0.5259269691416826 0096 0473
0.5259269691416826 0286 0390
0.5259269691416826 0066 0448
0.5259269691416826 0448 0576
0.5259269691416826 0083 0390
0.5259269691416826 0390 0560
0.5259269691416826 0390 3575
0.5259269691416826 0038 0550
0.5259269691416826 0399
0.5259269691416826 2490
0.5259269691416826 0140 0390
0.5259269691416826 0390 0490
0.5259269691416826 0038 0404
0.5259269691416826 0390 0733
0.5259269691416826 0512 1840
0.5259269691416826 0390 1259
0.5259269691416826 0038 0601
0.5259269691416826 0078 0448
0.5259269691416826 0400 0548
0.5259269691416826 0390 0969
0.5259269691416826 0317 0474
0.5259269691416826 0390 0782
0.5259269691416826 0211 0390
0.5259269691416826 0390 0770
0.5259269691416826 0390 4126
0.5259269691416826 0038 0871
0.5259269691416826 0390 0661
0.5259269691416826 0038 0786
0.5259269691416826 0317 0731
0.5259269691416826 0038 0537
0.5259269691416826 0038 0680
0.5259269691416826 0390 1048
0.5259269691416826 0038 0317 0472
0.5259269691416826 0038 0096 0317
0.5259269691416826 0038 0389 0548
0.5259269691416826 0038 0390 0548
0.5259269691416826 5380
0.5259269691416826 0158 0317
0.5259269691416826 0390 0446
0.5259269691416826 0317 0498
0.5259269691416826 0390 0604
0.5259269691416826 0195 0390
0.5259269691416826 0280 0690
0.5259269691416826 0317 0554
0.5259269691416826 0448 0487
0.5259269691416826 0096 0389
0.5259269691416826 0400 0448
0.5259269691416826 0317 1959
0.5259269691416826 0390 0892
0.5259269691416826 0390 0568
0.5259269691416826 0317 0770
0.5259269691416826 0425 0559
0.5259269691416826 0390 0601
0.5259269691416826 0390 2070
0.5259269691416826 0425 0441
0.5259269691416826 0390 2313
0.5259269691416826 0317 0676
0.5259269691416826 0038 0666
0.5259269691416826 0317 0874
0.5259269691416826 0317 4136
0.5259269691416826 0389 5679
0.5259269691416826 0204 0390 0678
0.5259269691416826 0317 0390 0497
0.5259269691416826 0038 0400 0548
0.5259269691416826 0317 0448 1102
0.5259269691416826 0195 0317 0448
0.5259269691416826 0317 0390 1102
0.5259269691416826 0317 0390 0425 0448
0.5259269691416826 2554
0.5259269691416826 0259 0390
0.5259269691416826 0317 0786
0.5259269691416826 0425 1840
0.5259269691416826 0038 0121
0.5259269691416826 0390 1219
0.5259269691416826 0038 0286
0.5259269691416826 0448 0563
0.5259269691416826 0317 0807
0.5259269691416826 0038 0549
0.5259269691416826 0317 0837
0.5259269691416826 0390 2238
0.5259269691416826 0038 0938
0.5259269691416826 0390 4193
0.5259269691416826 0038 0453
0.5259269691416826 0390 2065
0.5259269691416826 0390 0929
0.5259269691416826 0038 1102
0.5259269691416826 0390 2711
0.5259269691416826 0425 2068
0.5259269691416826 0390 1451
0.5259269691416826 0390 1836
0.5259269691416826 0318 0447
0.5259269691416826 0206 0390
0.5259269691416826 0167 0317
0.5259269691416826 0038 1506
0.5259269691416826 0389 0390 0548
0.5259269691416826 0390 0448 0473
0.5259269691416826 0317 0318 0447
0.5259269691416826 0390 0425 0559
0.5259269691416826 0317 0446 0447
0.5259269691416826 0719
0.5259269691416826 0744
0.5259269691416826 2206
0.5259269691416826 3254
0.5259269691416826 3615
0.5259269691416826 3999
0.5259269691416826 6231
0.5259269691416826 6553
0.5259269691416826 0038 0398
0.5259269691416826 0038 0444
0.5259269691416826 0390 0472
0.5259269691416826 0087 0317
0.5259269691416826 0390 0585
0.5259269691416826 0258 0317
0.5259269691416826 0038 0602
0.5259269691416826 0390 0865
0.5259269691416826 0390 1351
0.5259269691416826 0317 1837
0.5259269691416826 0038 0568
0.5259269691416826 0504 0548
0.5259269691416826 0317 0600
0.5259269691416826 0009 0317
0.5259269691416826 0066 0563
0.5259269691416826 0253 0317
0.5259269691416826 0038 0498
0.5259269691416826 0180 0317
0.5259269691416826 0174 0317
0.5259269691416826 0390 3254
0.5259269691416826 0038 1262
0.5259269691416826 0317 1262
0.5259269691416826 0066 0472
0.5259269691416826 0317 0850
0.5259269691416826 0038 4158
0.5259269691416826 0389 0576
0.5259269691416826 0325 0390
0.5259269691416826 0390 0600
0.5259269691416826 0390 0694
0.5259269691416826 0425 0495
0.5259269691416826 0390 0720
0.5259269691416826 0442 0448
0.5259269691416826 0038 0713
0.5259269691416826 0317 0846
0.5259269691416826 0317 4192
0.5259269691416826 0066 0554
0.5259269691416826 0203 0390
0.5259269691416826 0038 0489
0.5259269691416826 0038 2737
0.5259269691416826 0317 2096
0.5259269691416826 0390 0863
0.5259269691416826 0038 0211
0.5259269691416826 0120 0390
0.5259269691416826 0123 0390
0.5259269691416826 0038 0697
0.5259269691416826 0390 0946
0.5259269691416826 0359 0603
0.5259269691416826 0317 0499
0.5259269691416826 0390 0570
0.5259269691416826 0317 2065
0.5259269691416826 0880 5679
0.5259269691416826 0390 2433
0.5259269691416826 0317 1835
0.5259269691416826 0390 2356
0.5259269691416826 0390 1375
0.5259269691416826 0390 4577
0.5259269691416826 0390 1062
0.5259269691416826 0038 1451
0.5259269691416826 0317 2260
0.5259269691416826 0390 4151
0.5259269691416826 0448 0716
0.5259269691416826 0390 0858
0.5259269691416826 0140 0390 0425
0.5259269691416826 0280 0390 0690
0.5259269691416826 0317 0448 0563
0.5259269691416826 0066 0400 0448
0.5259269691416826 0317 0400 0448
0.5259269691416826 0066 0317 0563
0.5259269691416826 0167 0390 1044
0.5259269691416826 0038 0066 0472
0.5259269691416826 0038 0066 0554
0.5259269691416826 0390 0425 0441
0.5259269691416826 0038 0078 0317
0.5259269691416826 0390 0880 5679
0.5259269691416826 0390 0425 0473
0.5259269691416826 0317 0448 0892
0.5259269691416826 0038 0066 0400 0548
0.5259269691416826 0124
0.5259269691416826 0392
0.5259269691416826 0735
0.5259269691416826 1472
0.5259269691416826 1502
0.5259269691416826 1589
0.5259269691416826 1860
0.5259269691416826 1892
0.5259269691416826 2201
0.5259269691416826 2349
0.5259269691416826 3563
0.5259269691416826 4185
0.5259269691416826 5300
0.5259269691416826 5357
0.5259269691416826 5602
0.5259269691416826 5616
0.5259269691416826 6248
0.5259269691416826 6547
0.5259269691416826 8067
0.5259269691416826 8652
0.5259269691416826 8701
0.5259269691416826 9246
0.5259269691416826 0038 0471
0.5259269691416826 0276 0473
0.5259269691416826 0317 0565
0.5259269691416826 0390 0429
0.5259269691416826 0390 0410
0.5259269691416826 0390 0647
0.5259269691416826 0240 0390
0.5259269691416826 0390 0777
0.5259269691416826 0317 0839
0.5259269691416826 0038 0863
0.5259269691416826 0038 0864
0.5259269691416826 0038 0896
0.5259269691416826 0167 0548
0.5259269691416826 0390 0859
0.5259269691416826 0156 0390
0.5259269691416826 0390 1531
0.5259269691416826 0390 1858
0.5259269691416826 0038 0974
0.5259269691416826 0037 0317
0.5259269691416826 0099 0390
0.5259269691416826 0390 1358
0.5259269691416826 0038 0507
0.5259269691416826 0172 0425
0.5259269691416826 0038 0139
0.5259269691416826 0317 1887
0.5259269691416826 0306 0317
0.5259269691416826 0390 0394
0.5259269691416826 0473 2050
0.5259269691416826 0092 0554
0.5259269691416826 0038 0421
0.5259269691416826 0559 0563
0.5259269691416826 0448 0712
0.5259269691416826 0066 1048
0.5259269691416826 0317 2112
0.5259269691416826 0038 0747
0.5259269691416826 0389 1602
0.5259269691416826 0085 0317
0.5259269691416826 0548 1889
0.5259269691416826 0390 2054
0.5259269691416826 0038 1959
0.5259269691416826 0136 0317
0.5259269691416826 0390 1744
0.5259269691416826 0415 0416
0.5259269691416826 0066 0473
0.5259269691416826 0129 0448
0.5259269691416826 0317 2263
0.5259269691416826 0038 2274
0.5259269691416826 0108 0690
0.5259269691416826 0390 1997
0.5259269691416826 0448 0640
0.5259269691416826 0238 0390
0.5259269691416826 0139 0390
0.5259269691416826 0390 1507
0.5259269691416826 0548 0745
0.5259269691416826 0873 3469
0.5259269691416826 0390 0522
0.5259269691416826 0390 3999
0.5259269691416826 3078 4158
0.5259269691416826 0092 0548
0.5259269691416826 0390 0853
0.5259269691416826 0390 0403
0.5259269691416826 0038 0880
0.5259269691416826 0317 2041
0.5259269691416826 0473 1073
0.5259269691416826 0390 0879
0.5259269691416826 0390 0796
0.5259269691416826 0038 1834
0.5259269691416826 0390 2041
0.5259269691416826 0260 0390
0.5259269691416826 0545 0676
0.5259269691416826 0317 0880
0.5259269691416826 0317 1983
0.5259269691416826 0272 0390
0.5259269691416826 0548 2260
0.5259269691416826 0038 2065
0.5259269691416826 0441 0473
0.5259269691416826 0504 0563
0.5259269691416826 0554 0571
0.5259269691416826 0038 0553
0.5259269691416826 0038 3504
0.5259269691416826 0390 0507
0.5259269691416826 0390 5439
0.5259269691416826 0495 0576
0.5259269691416826 0448 0512
0.5259269691416826 0317 0969
0.5259269691416826 0038 5549
0.5259269691416826 0389 0474
0.5259269691416826 0317 1818
0.5259269691416826 0108 0425
0.5259269691416826 0276 0790
0.5259269691416826 0038 1677
0.5259269691416826 0425 2711
0.5259269691416826 0038 0142
0.5259269691416826 0038 0636
0.5259269691416826 0390 1929
0.5259269691416826 0390 0749
0.5259269691416826 0038 0120
0.5259269691416826 0460 0548
0.5259269691416826 0389 0874
0.5259269691416826 0038 0754
0.5259269691416826 0389 0640
0.5259269691416826 0425 0640
0.5259269691416826 0038 1120
0.5259269691416826 0038 0634
0.5259269691416826 0390 0449
0.5259269691416826 0390 1181
0.5259269691416826 0206 0207
0.5259269691416826 0317 0525
0.5259269691416826 0038 0690
0.5259269691416826 0390 1573
0.5259269691416826 0390 6553
0.5259269691416826 0038 0790
0.5259269691416826 0390 0915
0.5259269691416826 0390 0402
0.5259269691416826 0881 5679
0.5259269691416826 0038 0796
0.5259269691416826 0548 1048
0.5259269691416826 0425 0764
0.5259269691416826 0038 1260
0.5259269691416826 0066 1260
0.5259269691416826 0448 1263
0.5259269691416826 0266 0317
0.5259269691416826 0129 0353
0.5259269691416826 0390 0730
0.5259269691416826 0676 1451
0.5259269691416826 0880 4070
0.5259269691416826 0288 0338
0.5259269691416826 0158 0473
0.5259269691416826 0390 8067
0.5259269691416826 0174 0441
0.5259269691416826 0390 2554
0.5259269691416826 0390 0405
0.5259269691416826 0038 0324
0.5259269691416826 0390 0767
0.5259269691416826 0038 0490
0.5259269691416826 0038 2068
0.5259269691416826 0390 5724
0.5259269691416826 0317 1312
0.5259269691416826 1072 2393
0.5259269691416826 0390 1765
0.5259269691416826 0012 0082
0.5259269691416826 0012 8652
0.5259269691416826 0082 8652
0.5259269691416826 0390 8652
0.5259269691416826 0038 0446
0.5259269691416826 0288 0548
0.5259269691416826 0563 1069
0.5259269691416826 0548 0571
0.5259269691416826 0447 1048
0.5259269691416826 0390 0538
0.5259269691416826 0038 0579
0.5259269691416826 0038 0881
0.5259269691416826 0038 0867
0.5259269691416826 0038 1573
0.5259269691416826 0317 0777
0.5259269691416826 0038 4151
0.5259269691416826 0038 0717
0.5259269691416826 0443 0448
0.5259269691416826 0082 0400
0.5259269691416826 0312 0390
0.5259269691416826 0390 2490
0.5259269691416826 0389 5447
0.5259269691416826 0038 0858
0.5259269691416826 0317 3078
0.5259269691416826 0390 1893
0.5259269691416826 0390 4931
0.5259269691416826 0129 0676
0.5259269691416826 0447 0814
0.5259269691416826 0317 0660
0.5259269691416826 0038 0390 0441
0.5259269691416826 0280 0317 0690
0.5259269691416826 0038 0066 0797
0.5259269691416826 0389 0390 0448
0.5259269691416826 0280 0317 0448
0.5259269691416826 0096 0390 0473
0.5259269691416826 0389 0548 0554
0.5259269691416826 0066 0078 0317
0.5259269691416826 0390 0473 2050
0.5259269691416826 0038 0066 0447
0.5259269691416826 0038 0447 0548
0.5259269691416826 0389 0448 0473
0.5259269691416826 0317 0390 0807
0.5259269691416826 0317 0390 0892
0.5259269691416826 0317 0390 1959
0.5259269691416826 0317 0807 1073
0.5259269691416826 0317 0318 0389
0.5259269691416826 0038 0066 1048
0.5259269691416826 0108 0390 0473
0.5259269691416826 0066 0317 0548
0.5259269691416826 0108 0390 0690
0.5259269691416826 0390 0873 3469
0.5259269691416826 0425 0448 0473
0.5259269691416826 0038 0066 0850
0.5259269691416826 0066 0317 0850
0.5259269691416826 0038 3078 4158
0.5259269691416826 0038 0092 0548
0.5259269691416826 0317 0770 2041
0.5259269691416826 0390 0796 0797
0.5259269691416826 0390 0770 2041
0.5259269691416826 0317 0545 0676
0.5259269691416826 0389 0390 1263
0.5259269691416826 0317 0448 0495
0.5259269691416826 0038 0066 1992
0.5259269691416826 0317 0504 0563
0.5259269691416826 0038 0353 0359
0.5259269691416826 0038 0509 0878
0.5259269691416826 0317 0425 0770
0.5259269691416826 0317 0563 0576
0.5259269691416826 0253 0390 0687
0.5259269691416826 0108 0390 0425
0.5259269691416826 0390 0425 0512
0.5259269691416826 0276 0390 0790
0.5259269691416826 0390 0425 2711
0.5259269691416826 0038 0353 0390
0.5259269691416826 0353 0359 0390
0.5259269691416826 0038 0390 0404
0.5259269691416826 0038 0253 0390
0.5259269691416826 0038 0359 0603
0.5259269691416826 0317 0448 4136
0.5259269691416826 0038 0096 0548
0.5259269691416826 0390 0881 5679
0.5259269691416826 0880 0881 5679
0.5259269691416826 0038 0796 0797
0.5259269691416826 0038 0317 1048
0.5259269691416826 0129 0353 0390
0.5259269691416826 0390 0880 4070
0.5259269691416826 0174 0390 0441
0.5259269691416826 0012 0082 0390
0.5259269691416826 0012 0082 8652
0.5259269691416826 0012 0390 8652
0.5259269691416826 0082 0390 8652
0.5259269691416826 0038 0446 0447
0.5259269691416826 0038 0509 1889
0.5259269691416826 0038 0317 2260
0.5259269691416826 0317 0548 0563
0.5259269691416826 0317 0563 1069
0.5259269691416826 0038 0317 0441
0.5259269691416826 0317 0563 0745
0.5259269691416826 0038 0359 0548
0.5259269691416826 0038 0504 0548
0.5259269691416826 0038 0390 0442
0.5259269691416826 0425 0448 1102
0.5259269691416826 0129 0390 0441
0.5259269691416826 0389 0390 0551
0.5259269691416826 0317 0389 0563
0.5259269691416826 0129 0390 0676
0.5259269691416826 0317 0447 0814
0.5259269691416826 0389 0390 5679
0.5259269691416826 0096 0317 0389 0473
0.5259269691416826 0390 0425 0512 1840
0.5259269691416826 0390 0880 0881 5679
0.5259269691416826 0012 0082 0390 8652
0.5252591632519579 5439
0.4866146227568917 2263
0.475564786570307 0666
0.475564786570307 0865
0.4553620792527875 2422
0.429948983447634 5181
0.41470133403145937 0318
0.40657191508335533 0794
0.3923955765171603 0472
0.38125410709906493 0204 0678
0.37671895193367444 0896
0.3702042709124802 1351
0.3702042709124802 1996
0.3677029639267895 5085
0.35887288447851695 2583
0.342937606458003 1142
0.34203339394578425 5516
0.33952119665989056 0549
0.32652920740981983 0473 0487
0.31018366678292564 0066 0400
0.30121139942552944 1871
0.29641759082311125 5555
0.2887888794269724 4931
0.2783990853204328 4277
0.2708186430730768 0814
0.2677369765356685 0807
0.2544917497856485 0460
0.23757709080017708 2226
0.2215475940662941 0520
0.21675142180280016 0542
0.21577204083784363 0712
0.2142000224358993 0412
0.20946806841169252 0880 0881
0.1907759353995404 0497
0.19077593539953952 0687
0.18945473252047051 0509 0878
0.1887869266307458 0175
0.1887869266307458 2710
0.1887869266307458 0339 0499
0.1782757726353088 0108
0.17242679673134376 0251
0.17077526869287096 2068
0.16925202520295102 0359 0604
0.16786409992810292 0280
0.1623764608778422 0880
0.15436341270920018 1645
0.15123351970027255 1429
0.15123351970027255 2356
0.14995394087928515 0400
0.1472908234598016 1815
0.1464373474367795 0631
0.1442559197646469 5327
0.13948264101199026 0167
0.13840794988222438 0873
0.13193543537660712 0736
0.12623741426196933 0403
0.12046186103351886 0142
0.12046186103351886 5724
0.11888984263157454 2738
0.11888984263157454 3750
0.11888984263157454 3717
0.11888984263157454 0453 0473
0.1179386114472738 1889
0.11440295661496602 3504
0.10307011832164914 0863
0.10258322336407932 0851
0.09980415719381419 4172
0.08541541974171363 1856
0.08409421686264373 0253 0258
0.08134209435407858 2260
0.07394184539862625 3348
0.07394184539862625 0359 2274
0.07394184539862625 0253 1506
0.07299289974315748 0647
0.07014794761092524 0733
0.06916856664596782 0259
0.05826522081513996 1833
0.05724454277501767 2313
0.057244542775017226 1992
0.05525553400622307 0795
0.05262559691872326 4070
0.040419153359982474 5458
0.038847134958038154 1990
0.038223762796547156 0512
0.03662525557228147 2329
0.03662525557228147 3784
0.036378743822977455 1062
0.02357966282724977 0415 0473
0.020876898604142546 0690
0.015101345375692077 3315
0.015101345375692077 0195 0441
0.005748017007842776 1069
0.0011068069751916099 3670
0.0011068069751916099 5491
-0.003380079041417794 0489
-0.004532816921225091 1837
-0.0047012819204867995 3560
-0.01154628810108349 0892
-0.01466803881526868 4136
-0.01776881649351658 0603
-0.018944595582528923 0874
-0.020616737226386128 1886
-0.022798164898518714 0817
-0.022798164898518714 0258 0403
-0.0227981648985196 0367
-0.0227981648985196 0938
-0.02686285372333952 0969
-0.027913265565289613 0446
-0.030656751511040525 0640
-0.0323676159146693 0361
-0.03236761591467019 1959
-0.033688818793739195 1288
-0.040054645798102584 4126
-0.040335785563846205 0092
-0.045612842664690234 0680
-0.04816424203159109 2112
-0.05038612141734777 2043
-0.05178570177177111 0487
-0.0576854238989597 0012
-0.0576854238989597 0446 0447
-0.06185969576043604 1921
-0.06185969576043604 0121 0253
-0.06252750165016074 0077
-0.06252750165016074 2938
-0.06300458537655995 5601
-0.06343171416237947 0267
-0.06515743873766056 1073
-0.06705317390255949 1507
-0.06873526008554443 1019
-0.07191003161393716 0584
-0.07706911442396525 0604
-0.07821400404008827 0815
-0.08020883442863269 5809
-0.08643483718494549 0554
-0.09039145603104703 1102
-0.09311223926454026 0634
-0.09690613705224038 0467
-0.09690613705224038 0498
-0.09690613705224038 0504
-0.09690613705224038 4158
-0.09690613705224127 0503
-0.10268169028069085 0943
-0.10425370868263517 2397
-0.10425370868263517 2960
-0.12043663446243524 0776
-0.12646493929378488 0404
-0.12675910020192216 2037
-0.1286548353668211 1821
-0.13188084497295316 0353
-0.13242458564933113 1531
-0.141357899623074 0509 1889
-0.1441590219027864 0600
-0.15097335832251702 0203
-0.15097335832251702 0957
-0.15097335832251702 3651
-0.15097335832251702 1889 5601
-0.15097335832251702 0509 1889 5601
-0.15753075886867496 0354 2570
-0.15873051906057967 0563
-0.16589900853919204 0786
-0.16722021141826193 0353 0359
-0.16722021141826193 0281
-0.16722021141826193 9835
-0.16722021141826193 0253 0353
-0.16722021141826193 0856
-0.16722021141826193 1131
-0.16722021141826282 0878
-0.16722021141826282 0704
-0.16722021141826282 2786
-0.16788801730798664 3232
-0.17694884472577677 0881
-0.17694884472577765 2195
-0.18028774599129171 0172
-0.1839175140418705 1375
-0.1839175140418705 2200
-0.1839175140418705 0770 2041
-0.18927945718325567 0602
-0.19221631685656515 0037 0554
-0.19221631685656604 2870
-0.19336640323980303 1048
-0.1979918700850165 0140
-0.20610542901723328 1262
-0.2123223076983578 0204
-0.2146891727086242 2737
-0.2146891727086242 0555
-0.2227863829412433 0037
-0.22473950856212532 2041
-0.22473950856212532 0564 5060
-0.2247395085621262 0782
-0.22611786853224736 0770
-0.2278448332346965 0129 0359
-0.23043752967676312 1075
-0.23043752967676312 2113
-0.23043752967676312 4022
-0.23043752967676312 0276 0286
-0.2362130829052136 0689
-0.2362130829052136 0206 0253
-0.2445421358583051 0694
-0.2510568168794993 0790
-0.2510568168794993 0509 5601
-0.25423158840789206 0717
-0.25653628264412465 1572
-0.2612091883435168 0564
-0.2625303912225867 4742
-0.2625303912225867 1805
-0.2625303912225867 6642
-0.2639602217154069 1289
-0.26875639397889994 0579
-0.26875639397889994 2433
-0.26875639397889994 2547
-0.26875639397889994 3921
-0.26875639397889994 5344
-0.27056963110308097 0496 1836
-0.2727968035159045 0078
-0.27279680351590496 0136
-0.2792276938461953 0017
-0.28411767914038677 0871
-0.28500324707464575 0927
-0.28500324707464575 4987
-0.28500324707464575 5338
-0.28500324707464575 0253 1044
-0.28500324707464575 0834 3315
-0.2865752654765892 0373
-0.2865752654765892 1773
-0.2865752654765892 2064
-0.2865752654765892 0394 0473
-0.2879613738149498 0837
-0.2910621514931977 0836
-0.2910621514931977 5678
-0.293971917057406 0550
-0.29575699579740533 0410
-0.29757683251439193 1909
-0.29757683251439193 3702
-0.30075160404278467 1089
-0.3008183264385633 0081
-0.3045455018304857 5060
-0.3131292455218766 0496
-0.31357717386083284 0571
-0.31936508829958044 2194
-0.3200496883664501 0354
-0.3200496883664501 0859
-0.320049688366451 0787
-0.320049688366451 1492
-0.320049688366451 1893
-0.3213708912455209 0120 0121
-0.3213708912455209 0129 0441
-0.32484915562184513 0206
-0.333294915116471 1834
-0.333294915116471 1964
-0.33531716049723936 0087
-0.33806819386912856 0600 0601
-0.3392196044741702 1744
-0.34474230095682135 0777
-0.345802184468865 0127
-0.34822056533314694 2528
-0.3489972644013193 0447
-0.34954176821221683 0700
-0.34990265151613187 1836
-0.3561257448402597 0509
-0.3626093027852466 2070
-0.3665697040013436 0229
-0.3678909068804135 0517
-0.3731595136803989 1260
-0.3783185964904261 5949
-0.3842847166560901 0121
-0.39036376273247164 0635
-0.39036376273247164 0633
-0.39036376273247164 0253 0400
-0.39036376273247164 0129 0338
-0.3911456100501809 3078
-0.3970107295025782 0257
-0.3970107295025782 0705
-0.3991870089251739 2101
-0.4022877866034227 1858
-0.4022877866034227 0066 0559
-0.4070610653560802 1451
-0.4070610653560802 0915
-0.4070610653560802 1017
-0.40760556916697777 0547
-0.4083822682351501 0636
-0.4092808220943933 1118
-0.4117384084305957 3174
-0.4123426694512471 5660
-0.41535986817077575 0839
-0.4254102040242769 0599
-0.4254102040242769 1602
-0.4254102040242769 0066 0078
-0.4295844758857532 1717
-0.43337837367345333 2049
-0.43337837367345333 2193
-0.43337837367345333 2217
-0.43337837367345333 5686
-0.43337837367345333 5798
-0.43337837367345333 0601 5585
-0.4345486488216439 0339
-0.437231942989444 0286
-0.4398508881790706 0926
-0.44521283132045664 2108
-0.44521283132045664 1521
-0.44521283132045664 2344
-0.4497275116749835 0650
-0.4497275116749835 0932
-0.45358108099097283 0980
-0.4543620259740444 0415
-0.4549022838700436 2020
-0.4549022838700436 0253 0282
-0.4579194825895714 0560
-0.45981163074160847 1406
-0.4644717348861942 0402
-0.46463091717755844 0714
-0.47639575875714435 0734
-0.47989838930834683 2570
-0.48063125852399935 0139
-0.4856739425367964 0198
-0.4856739425367964 1481
-0.4856739425367964 0359 1756
-0.49464067104554976 0066
-0.4957242783902984 0449
-0.4963123407418526 0129
-0.4985324688532393 0576
-0.502371245160405 0459
-0.502371245160405 5585
-0.502371245160405 0696
-0.502371245160405 2173
-0.502371245160405 3658
-0.502371245160405 4956
-0.5023712451604059 3827
-0.5036924480394749 2855
-0.5036924480394749 0276 0441
-0.5155269056864782 1617
-0.5168939598980113 0676
-0.517877083031431 1506
-0.5229640435408198 3016
-0.5322242083100859 0553
-0.5351610679833954 1326
-0.5408375259882012 0066 0537
-0.5431932396806598 1072
-0.5431932396806598 1929
-0.5431932396806598 5527
-0.5458563571001447 0398
-0.5458563571001447 1096
-0.5458563571001447 5447
-0.5460864609616749 0473 0830
-0.5564384664306816 2684
-0.5669097662979761 0561
-0.5669097662979761 0732
-0.5669097662979761 0066 0337
-0.566909766297977 4192
-0.5678858522710315 0537
-0.5726853195264265 0253 0276
-0.5726853195264265 2148
-0.5738302091425505 0805
-0.5742573379283709 1143
-0.5742573379283709 2817
-0.5772725533335228 0762
-0.57787879766855 0566
-0.5824139528339414 0660
-0.5824139528339414 1181
-0.5824139528339414 0416 0745
-0.5961900003780598 0495
-0.6000097147243215 0499
-0.6032220433865083 0158
-0.6054751423494169 0405
-0.6054820410842159 0180
-0.6077317608182318 0916
-0.6077317608182318 2106
-0.6090529636973008 0029
-0.6137881766850057 0946
-0.6167815963381491 0207
-0.6192053351613191 0253 0359
-0.621908549810672 0473
-0.6275343881144106 5586
-0.6275343881144106 0066 0276
-0.6405215836412221 2274
-0.6405215836412221 2755
-0.6502913752370274 0258
-0.6505517580011597 0195
-0.6527280271999629 0737
-0.656521924987663 1898
-0.656521924987663 5476
-0.6674509955198538 2711
-0.6705081669624033 0276
-0.6722702819558029 0780
-0.6722702819558029 1533
-0.6814194766093902 0565
-0.6870956707041707 0720
-0.691047793836737 0096
-0.6939094570592839 0568
-0.6978484624804322 0324
-0.7030419406225565 1279
-0.7030419406225565 5490
-0.7048032843538019 0282
-0.7049532881041771 0253
-0.7159453454584641 1666
-0.7159453454584641 2674
-0.721060446125235 2922
-0.7255147964746147 2065
-0.7255147964746147 0232
-0.7255147964746147 0597
-0.7255147964746147 1935
-0.7255147964746147 2859
-0.7255147964746147 3024
-0.7255147964746147 1616 1617
-0.7268359993536846 0280 0441
-0.7268359993536855 1756
-0.7328949037722374 0605
-0.7387600232246356 0447 0565
-0.7474937031933901 0756
-0.7583046192976051 1382
-0.7595941101274768 0421
-0.7689999084143535 0754
-0.7720348121095073 0491
-0.7743049606440469 1942
-0.7805937709261999 2238
-0.7819561073795667 0745
-0.7822101401511601 1044
-0.7900533176121858 0570
-0.7900533176121858 0522
-0.7900533176121858 0649
-0.7900533176121858 0226
-0.7900533176121858 1765
-0.7900533176121858 0788
-0.7900533176121858 1346
-0.7900533176121858 2075
-0.7900533176121858 4125
-0.7900533176121858 0066 0416
-0.7900533176121862 0443
-0.7900533176121867 0469
-0.7900533176121867 0242
-0.7900533176121867 0703
-0.7900533176121867 0844
-0.7958288708406362 0120
-0.8088155940677089 0416
-0.8090740975906567 0359
-0.810672604814922 0066 0850
-0.8251446374234561 0587
-0.8279321162250537 0294
-0.8286186936636266 0670
-0.8308753121324415 1094
-0.8383473269711423 0797
-0.8388434817816179 0911
-0.8388434817816179 0180 0416
-0.8461910534120127 0879
-0.8483222257361613 0858
-0.8506779394286204 1282
-0.8506779394286204 2353
-0.8506779394286204 5698
-0.8506779394286204 0447 0453
-0.8537691319982939 0903
-0.8571926204498146 2096
-0.858003979520694 0034
-0.8603673919782073 0493
-0.8603673919782073 0494
-0.8603673919782073 0493 0494
-0.8603673919782082 0834
-0.8641612897659083 0914
-0.870096025285723 2296
-0.8755754910503475 0713
-0.8918360119221278 0168
-0.8927110690469053 1086
-0.8927110690469053 1093
-0.8954138332700126 0601
-0.9004013747810515 0731
-0.9011893864984621 0135
-0.901189386498463 2234
-0.9078363532685687 0693
-0.9078363532685687 0747
-0.9078363532685696 1610
-0.9078363532685696 4944
-0.9133765336441848 0559
-0.9163470429364784 0796
-0.9163470429364784 0796 0797
-0.9178866891220707 2181
-0.9235847102367085 2393
-0.929360263465159 1764
-0.9298152599873442 0951
-0.9298152599873442 3046
-0.932688053557833 0716
-0.9352353274566836 0820
-0.9366567918040616 0850
-0.9486583477888244 0929
-0.9499795506678943 2247
-0.9619035745388453 0268
-0.9677344948496382 1219
-0.9701794838427054 0934
-0.9792953172507151 0066 0447
-0.9861983408219386 1824
-0.987879060942106 1727
-0.9907240130743373 1358
-0.991919470479111 0846
-1.0131968689263955 0337
-1.0131968689263955 1120
-1.0131968689263955 0593
-1.0180630585775683 1263
-1.0264420956764164 0123
-1.0284643410571848 0749
-1.0329994962225753 0097
-1.0378894815167667 1383
-1.0378894815167667 2028
-1.0389493650288104 0370
-1.0459866917493867 0471
-1.0459866917493867 0201
-1.0459866917493867 2054
-1.052417582079677 0683
-1.052417582079677 0994
-1.0619870330958276 1715
-1.0619870330958276 2404
-1.0640638083568956 0441
-1.0659827903209425 0082
-1.0667338230261652 0764
-1.0680067567564526 0312
-1.0687667200812068 0830
-1.071465777050371 0661
-1.083510943292417 1090
-1.0841787491821417 0218
-1.087304841080118 1573
-1.0975054816929184 0701
-1.1048855889905411 0462
-1.1048855889905411 0141
-1.1085070487307203 0444
-1.1085070487307203 0507
-1.111681820259113 0158 0359
-1.1132803274833782 1835
-1.1163007661154083 0409
-1.1265255542333987 0582
-1.1323011074618483 0129 0253
-1.138360011880402 0340
-1.1428746922349289 0956
-1.1434620637642974 1259
-1.1467282615509187 0656
-1.1487987760804694 0678
-1.1529588113015539 1496
-1.1529588113015539 0414
-1.161616874044669 0430
-1.161616874044669 0502
-1.1656654625706695 0867
-1.1688501786381886 0442
-1.1714208741412895 0086
-1.1714208741412895 0538
-1.1714208741412895 1809
-1.1725289074956513 0490
-1.1826150208844428 0368
-1.1955184257203504 0760
-1.1955184257203504 0394 0565
-1.1955184257203504 0465
-1.1955184257203504 0702
-1.2073528833673537 0909
-1.213867564388547 1218
-1.2161377129230857 1597
-1.2190489231305444 0096 0338
-1.2240917981644066 0492
-1.2283082485433408 0238
-1.2283082485433408 0406
-1.2283082485433408 3426
-1.2318860698912255 1983
-1.237661623119676 1195
-1.2393210483787436 0338
-1.239970188291184 0804
-1.241734948507311 0072
-1.249585646990627 1314
-1.249585646990627 1607
-1.2600569468579215 0483
-1.2600569468579215 0533
-1.2600569468579215 0751
-1.2755611333938868 0393
-1.2755611333938868 0126
-1.2755611333938868 1023
-1.2755611333938868 0078 0576
-1.2840718230617956 0252
-1.2859024871886198 0164
-1.2908286055246752 0186
-1.2986223229093623 0381
-1.3008789413781772 1127
-1.3079964091470409 0431
-1.320681568674356 1897
-1.3336687642011675 0306
-1.3458752077599083 0253 0716
-1.3496691055476084 1495
-1.3496691055476084 1616
-1.3598214770116268 0285
-1.367368682647009 0950
-1.372141961399668 0453
-1.3731996029578033 0978
-1.3778399825143044 3312
-1.3778399825143048 0009
-1.3809216490517136 0664
-1.3847604253588788 0433
-1.391633304646641 0090
-1.3955908561332482 0174
-1.396189121182502 0063
-1.4052389567024193 0319
-1.4090925260184095 0429
-1.4112269985470425 0677
-1.4179773769676904 0156
-1.418661977034561 1997
-1.41998317991363 2304
-1.4260420843321828 2568
-1.431907203784581 0552
-1.446832854001257 1119
-1.4514517998575505 1071
-1.4514517998575505 2252
-1.4578826901878417 0269
-1.4578826901878417 0653
-1.4584597552510252 0288
-1.4621470889742998 0432
-1.4651819926694527 1810
-1.4832004981721312 0961
-1.4832004981721316 0240
-1.490548069802526 2218
-1.4914993009868263 0083
-1.4927699491882822 0474
-1.502248693142826 0057
-1.5078931107625024 1004
-1.5078931107625024 1248
-1.5078931107625024 1423
-1.5139721568388849 0766
-1.5139721568388849 1418
-1.5240224926923869 0519
-1.5353862513427012 0408
-1.55033980100976 0697
-1.5728126568618181 0428
-1.5842862312049064 0365
-1.611500680220188 0325
-1.616731890796654 0917
-1.6193326724967116 0648
-1.628382508016629 1393
-1.628382508016629 3584
-1.6373511779993901 1261
-1.644698749629785 0767
-1.6475035494634076 1976
-1.6491856356463925 0260
-1.6550507550987907 0155
-1.6550507550987907 0357
-1.6693027778059917 0272
-1.6919553120342412 0974
-1.6962937136328398 0395
-1.6983118777890764 0211
-1.7063440494863409 0394
-1.7063440494863413 0573
-1.7319222300109707 1163
-1.7529123342700164 2140
-1.783305090622469 0889
-1.7844618287502927 0193
-1.7885821477233126 1049
-1.7915018578266482 0336
-1.8016542292906657 1588
-1.8174801183726177 0651
-1.8254482880217946 0811
-1.8560894358456834 0655
-1.8604947293135998 0424
-1.871968303656688 0035
-1.8886656062802958 1345
-1.9237569260915652 0266
-1.9294876008005515 0730
-1.9379262714484842 0005
-1.9448033420801223 0488
-1.9492902280967304 0227
-1.9492902280967304 1041
-1.9687083139538322 0008
-2.042816286107554 0040
-2.07098716307425 0829
-2.0925110732708396 0030
-2.1057337088927586 0247
-2.1283384595457155 0346
-2.151029870747787 0525
-2.182123231960527 1051
-2.182578228482712 1022
-2.201040291322448 0426
-2.201040291322448 0478
-2.260229162712778 1043
-2.28014447241372 0435
-2.3330461306381336 0085
-2.334952708908715 0335
-2.3376158263281983 0708
-2.3481979356587352 1320
-2.4322810528692775 0099
-2.460115851862721 0191
-2.771054786478769 0617